300    0.411318  0.408596  0.407009  0.407669  0.412114  0.422422  0.441315 
301    0.410249  0.407636  0.406149  0.406871  0.411294  0.421425  0.43988 
302    0.409285  0.406795  0.405427  0.406238  0.410678  0.420687  0.438783 
303    0.40896  0.406589  0.405328  0.406209  0.410636  0.420479  0.438156 
304    0.409062  0.406803  0.40564  0.406576  0.410967  0.420614  0.437835 
305    0.409204  0.407055  0.405991  0.406984  0.411346  0.420812  0.437602 
306    0.409398  0.40736  0.406394  0.407444  0.411782  0.421077  0.437459 
307    0.410399  0.408453  0.407559  0.40863  0.412889  0.421938  0.437814 
308    0.411539  0.409686  0.408864  0.409956  0.41414  0.422954  0.438343 
309    0.412728  0.410968  0.410219  0.411336  0.415455  0.42405  0.438981 
310    0.41395  0.412279  0.411602  0.412744  0.4168  0.425186  0.439677 
311    0.416791  0.415227  0.414626  0.415774  0.419708  0.427762  0.441605 
312    0.41952  0.418019  0.417445  0.418552  0.422329  0.430042  0.443271 
313    0.422104  0.420626  0.42004  0.42107  0.424665  0.432036  0.444691 
314    0.424797  0.423342  0.422742  0.423694  0.427105  0.434133  0.446214 
315    0.428946  0.42749  0.426837  0.427646  0.430776  0.43732  0.448632 
316    0.432506  0.431046  0.430342  0.431024  0.433907  0.440031  0.45068 
317    0.43548  0.434007  0.43325  0.433812  0.436474  0.44223  0.452308 
318    0.438561  0.437076  0.436265  0.436704  0.439141  0.444523  0.454023 
319    0.443396  0.441844  0.4409  0.441108  0.443172  0.447988  0.456668 
320    0.447268  0.44566  0.444607  0.444625  0.446384  0.450736  0.458746 
321    0.450301  0.448641  0.447492  0.447348  0.448853  0.452826  0.460296 
322    0.453304  0.451599  0.450363  0.450069  0.451335  0.454948  0.461898 
323    0.456938  0.455165  0.45381  0.453324  0.454293  0.457472  0.463811 
324    0.460219  0.458388  0.456929  0.456272  0.456979  0.459771  0.465564 
325    0.462797  0.460913  0.459364  0.458565  0.459056  0.461534  0.466888 
326    0.465354  0.46342  0.461786  0.46085  0.461133  0.463307  0.468236 
327    0.468249  0.46622  0.464449  0.463319  0.463333  0.465145  0.469599 
328    0.471288  0.469144  0.467213  0.465863  0.465584  0.467009  0.470968 
329    0.474374  0.472116  0.470026  0.468462  0.467895  0.468943  0.472419 
330    0.477471  0.475098  0.47285  0.471072  0.470221  0.470897  0.473897 
331    0.480682  0.478162  0.475723  0.473699  0.472534  0.472817  0.475337 
332    0.484032  0.481312  0.478624  0.476294  0.474759  0.474606  0.476621 
333    0.486731  0.483841  0.480942  0.478358  0.476521  0.476014  0.477626 
334    0.489047  0.486008  0.48293  0.480131  0.478042  0.477243  0.478527 
335    0.491406  0.488218  0.484959  0.481944  0.479603  0.478513  0.479471 
336    0.49374  0.490402  0.486961  0.483734  0.481146  0.479777  0.480425 
337    0.496085  0.492595  0.488971  0.48553  0.482696  0.481048  0.481389 
338    0.498476  0.494833  0.491026  0.487371  0.484292  0.482368  0.482406 
339    0.500898  0.497099  0.493108  0.489239  0.485914  0.483715  0.483452 
340    0.503333  0.499384  0.495216  0.49114  0.487582  0.485123  0.484576 
341    0.505629  0.501541  0.497208  0.492943  0.489171  0.486474  0.485672 
342    0.507966  0.503737  0.49924  0.494786  0.490802  0.487871  0.486818 
343    0.510368  0.506  0.50134  0.4967  0.492507  0.489347  0.488048 
344    0.512836  0.508329  0.503507  0.498683  0.494285  0.4909  0.489363 
345    0.51518  0.510553  0.505591  0.500609  0.496034  0.492459  0.49072 
346    0.517438  0.512704  0.507617  0.502493  0.497763  0.494019  0.492102 
347    0.519783  0.514943  0.509735  0.504475  0.499594  0.49569  0.493606 
348    0.522161  0.517218  0.511889  0.506494  0.501467  0.497405  0.495158 
349    0.524709  0.519667  0.514225  0.508705  0.503541  0.499334  0.49694 
350    0.527322  0.522185  0.516633  0.510991  0.505695  0.501349  0.498815 
351    0.530086  0.524857  0.519202  0.513446  0.508028  0.503556  0.500895 
352    0.532877  0.527559  0.521802  0.515934  0.510396  0.5058  0.503018 
353    0.535926  0.530528  0.524681  0.518715  0.513074  0.508375  0.505493 
354    0.539025  0.533549  0.527615  0.521555  0.515815  0.511017  0.508041 
355    0.542093  0.536568  0.530578  0.524459  0.51866  0.513803  0.510774 
356    0.545136  0.539568  0.533531  0.527362  0.521513  0.516608  0.513536 
357    0.548414  0.542816  0.536747  0.530544  0.524661  0.519724  0.516622 
358    0.551779  0.546156  0.540062  0.533832  0.527923  0.522961  0.519836 
359    0.555054  0.549411  0.543293  0.537037  0.531099  0.526104  0.522938 
360    0.558293  0.55263  0.54649  0.54021  0.534243  0.529213  0.526003 
361    0.561341  0.555661  0.549498  0.54319  0.537187  0.532108  0.528825 
362    0.564291  0.558595  0.552412  0.546076  0.540035  0.5349  0.531536 
363    0.566889  0.561171  0.554959  0.548584  0.542488  0.537275  0.533794 
364    0.569169  0.563425  0.557178  0.550754  0.54459  0.539279  0.535654 
365    0.571035  0.56528  0.559013  0.552558  0.546342  0.540946  0.537184 
366    0.571887  0.566151  0.559897  0.553441  0.547198  0.541735  0.537837 
367    0.572657  0.566938  0.560694  0.554234  0.547964  0.542432  0.538399 
368    0.572674  0.566948  0.560687  0.554189  0.54785  0.5422  0.537974 
369    0.572815  0.567089  0.560818  0.554292  0.547896  0.542143  0.537742 
370    0.572183  0.566433  0.560122  0.553534  0.547041  0.541137  0.536503 
371    0.571656  0.565889  0.559547  0.552907  0.546327  0.540286  0.535438 
372    0.570594  0.564794  0.558402  0.551687  0.544995  0.538787  0.533691 
373    0.569453  0.563622  0.557182  0.550393  0.543592  0.537219  0.531877 
374    0.5681  0.562225  0.555724  0.54885  0.541928  0.535382  0.529789 
375    0.566582  0.560657  0.554089  0.547122  0.540071  0.533345  0.5275 
376    0.565082  0.559099  0.552452  0.545382  0.538192  0.531278  0.525171 
377    0.563567  0.557496  0.550741  0.543533  0.53617  0.529031  0.522629 
378    0.562042  0.555889  0.54903  0.541692  0.534161  0.526806  0.520117 
379    0.560524  0.554282  0.547312  0.539837  0.532136  0.524565  0.517598 
380    0.558982  0.552652  0.545575  0.537968  0.530102  0.52232  0.51508 
381    0.557523  0.551106  0.54392  0.536181  0.528152  0.520167  0.512666 
382    0.556082  0.549575  0.542282  0.534412  0.526223  0.518038  0.510283 
383    0.554625  0.54803  0.54063  0.532631  0.524283  0.515902  0.507897 
384    0.553172  0.546487  0.538978  0.530847  0.52234  0.513764  0.505513 
385    0.551684  0.54491  0.537293  0.529033  0.52037  0.511601  0.503107 
386    0.550509  0.543648  0.535928  0.527546  0.518738  0.509793  0.50108 
387    0.549304  0.542358  0.534537  0.526034  0.517083  0.507963  0.499033 
388    0.548079  0.541053  0.533136  0.52452  0.515433  0.506147  0.49701 
389    0.546833  0.539732  0.531725  0.523003  0.513787  0.504345  0.495009 
390    0.545581  0.538405  0.53031  0.521483  0.512142  0.502544  0.493014 
391    0.544513  0.537264  0.529082  0.520153  0.510692  0.500948  0.491236 
392    0.54342  0.536097  0.527829  0.5188  0.509219  0.499332  0.489439 
393    0.542387  0.534993  0.526641  0.517513  0.507817  0.497789  0.487722 
394    0.541389  0.533924  0.525489  0.516265  0.506455  0.496291  0.486054 
395    0.540383  0.532847  0.524329  0.51501  0.505088  0.494789  0.484385 
396    0.539492  0.531886  0.523287  0.513874  0.503844  0.493415  0.482851 
397    0.538581  0.530905  0.522225  0.512719  0.50258  0.492023  0.481301 
398    0.537761  0.530014  0.521254  0.511656  0.50141  0.490728  0.479853 
399    0.536997  0.52918  0.520338  0.510648  0.500298  0.489493  0.47847 
400    0.536216  0.528328  0.519406  0.509624  0.499169  0.488242  0.477071 
401    0.535504  0.527545  0.518541  0.508668  0.498108  0.487059  0.475742 
402    0.534777  0.526746  0.517661  0.507695  0.497032  0.485862  0.4744 
403    0.534127  0.526025  0.516859  0.506803  0.496038  0.484751  0.473148 
404    0.533557  0.525384  0.516138  0.505992  0.495127  0.483726  0.471988 
405    0.532973  0.524729  0.515403  0.505169  0.494204  0.482689  0.470817 
406    0.532387  0.524068  0.514657  0.50433  0.493261  0.481629  0.46962 
407    0.531791  0.523396  0.513899  0.503477  0.492304  0.480553  0.468406 
408    0.53121  0.522739  0.513158  0.502642  0.491366  0.4795  0.467219 
409    0.530723  0.522181  0.512522  0.50192  0.490549  0.478577  0.46617 
410    0.530224  0.521613  0.511875  0.501187  0.489722  0.477643  0.465112 
411    0.529761  0.52108  0.511265  0.500493  0.488935  0.476752  0.4641 
412    0.529333  0.520584  0.510693  0.499837  0.488189  0.475905  0.463136 
413    0.528896  0.520078  0.51011  0.499172  0.487434  0.475049  0.462163 
414    0.52843  0.519551  0.509517  0.498506  0.486689  0.474215  0.461223 
415    0.527947  0.519011  0.508913  0.497835  0.485942  0.473385  0.460294 
416    0.527455  0.518461  0.5083  0.497153  0.485187  0.472546  0.459355 
417    0.527009  0.517956  0.507732  0.496516  0.484476  0.471752  0.458464 
418    0.52656  0.517449  0.50716  0.495877  0.483762  0.470956  0.457572 
419    0.526108  0.516938  0.506587  0.495235  0.483047  0.47016  0.45668 
420    0.525695  0.516472  0.506061  0.494647  0.482392  0.46943  0.455861 
421    0.525275  0.515996  0.505527  0.494051  0.481729  0.468693  0.455036 
422    0.524865  0.515533  0.505005  0.493467  0.48108  0.46797  0.454227 
423    0.524492  0.515107  0.504523  0.492925  0.480475  0.467295  0.453469 
424    0.524111  0.514673  0.504033  0.492376  0.479862  0.466613  0.452705 
425    0.523743  0.51425  0.50355  0.491831  0.479252  0.465931  0.45194 
426    0.523397  0.513846  0.503083  0.491298  0.47865  0.465254  0.451177 
427    0.523046  0.513435  0.50261  0.490758  0.478041  0.464571  0.450408 
428    0.522727  0.513059  0.502172  0.490256  0.477471  0.463928  0.449683 
429    0.522441  0.512716  0.501769  0.48979  0.47694  0.463327  0.449002 
430    0.522148  0.512366  0.501359  0.489317  0.476402  0.46272  0.448315 
431    0.521857  0.512019  0.500951  0.488847  0.475867  0.462116  0.447633 
432    0.521567  0.511672  0.500545  0.488379  0.475335  0.461516  0.446955 
433    0.521271  0.51132  0.500132  0.487904  0.474797  0.460909  0.446271 
434    0.521024  0.511014  0.499763  0.487471  0.474297  0.46034  0.445625 
435    0.520828  0.510757  0.499441  0.487082  0.473839  0.45981  0.445016 
436    0.520628  0.510495  0.499113  0.486687  0.473375  0.459275  0.444403 
437    0.520405  0.510214  0.498772  0.486283  0.472908  0.458742  0.443797 
438    0.520148  0.509906  0.49841  0.485868  0.472439  0.458215  0.443204 
439    0.519885  0.509591  0.498043  0.485446  0.471963  0.457682  0.442606 
440    0.519636  0.50929  0.497686  0.485034  0.471495  0.457156  0.442015 
441    0.51943  0.509028  0.497365  0.484654  0.471055  0.456654  0.441444 
442    0.519219  0.50876  0.497039  0.484268  0.470609  0.456146  0.440869 
443    0.519052  0.508533  0.49675  0.483916  0.470195  0.455668  0.440321 
444    0.51907  0.50848  0.496623  0.483716  0.469922  0.455323  0.439896 
445    0.51908  0.50842  0.496489  0.483509  0.469643  0.454971  0.439466 
446    0.519083  0.508351  0.496348  0.483295  0.469358  0.454613  0.439031 
447    0.519128  0.508314  0.496224  0.483084  0.469062  0.454232  0.43856 
448    0.519167  0.50827  0.496094  0.482868  0.46876  0.453845  0.438084 
449    0.519202  0.508222  0.495959  0.482646  0.468452  0.453453  0.437603 
450    0.51921  0.508157  0.495821  0.482435  0.468171  0.453101  0.437177 
451    0.519205  0.508084  0.495676  0.482221  0.467891  0.452755  0.43676 
452    0.519193  0.508002  0.495525  0.482001  0.467604  0.452404  0.436339 
453    0.519218  0.507953  0.495399  0.4818  0.46733  0.452059  0.43592 
454    0.519282  0.507936  0.495299  0.481618  0.46707  0.45172  0.435502 
455    0.519341  0.507915  0.495195  0.481432  0.466804  0.451377  0.435079 
456    0.519403  0.507896  0.495093  0.481248  0.466541  0.451037  0.43466 
457    0.519491  0.507903  0.495017  0.48109  0.466304  0.450724  0.43427 
458    0.519576  0.507906  0.494936  0.480927  0.466062  0.450407  0.433875 
459    0.519655  0.507904  0.49485  0.480759  0.465816  0.450085  0.433476 
460    0.519805  0.507968  0.494825  0.480647  0.465619  0.449807  0.433117 
461    0.519968  0.508044  0.494811  0.480544  0.465431  0.449537  0.432765 
462    0.520127  0.508114  0.494792  0.480436  0.465238  0.449263  0.432409 
463    0.520284  0.508183  0.49477  0.480324  0.465041  0.448984  0.432048 
464    0.520442  0.508252  0.494746  0.48021  0.46484  0.4487  0.431682 
465    0.520596  0.508316  0.494718  0.480091  0.464634  0.448411  0.431311 
466    0.520746  0.508376  0.494685  0.479967  0.464424  0.448119  0.430937 
467    0.520856  0.508412  0.494646  0.479857  0.464248  0.44788  0.430636 
468    0.520956  0.508439  0.494601  0.479743  0.46407  0.447644  0.43034 
469    0.521049  0.50846  0.494549  0.479623  0.463887  0.447402  0.43004 
470    0.521163  0.508496  0.494507  0.479506  0.463701  0.447152  0.429726 
471    0.521314  0.508561  0.494484  0.479398  0.463513  0.446889  0.42939 
472    0.52146  0.508621  0.494457  0.479285  0.463321  0.446623  0.429051 
473    0.521602  0.508676  0.494425  0.479168  0.463125  0.446353  0.428709 
474    0.52166  0.508673  0.494361  0.47905  0.462959  0.446145  0.428458 
475    0.521691  0.508648  0.494284  0.478927  0.462798  0.44595  0.428229 
476    0.521714  0.508616  0.494201  0.478799  0.462631  0.445751  0.427998 
477    0.521777  0.508618  0.494144  0.47869  0.462477  0.445558  0.427766 
478    0.52225  0.508974  0.494378  0.478803  0.462476  0.445448  0.427553 
479    0.522717  0.509323  0.494605  0.47891  0.462468  0.445333  0.427335 
480    0.523177  0.509666  0.494827  0.479012  0.462456  0.445214  0.427114 
481    0.523596  0.509974  0.49502  0.479094  0.462432  0.445093  0.426899 
482    0.523955  0.510231  0.495174  0.479148  0.462394  0.444969  0.426693 
483    0.524305  0.510479  0.49532  0.479194  0.462349  0.44484  0.426484 
484    0.524645  0.510719  0.495457  0.479234  0.462298  0.444705  0.42627 
485    0.525031  0.511  0.495631  0.479305  0.462273  0.444593  0.426074 
486    0.525432  0.511295  0.495817  0.479386  0.462256  0.444487  0.425884 
487    0.525825  0.511582  0.495997  0.479461  0.462235  0.444376  0.42569 
488    0.526211  0.511862  0.496169  0.479529  0.462207  0.444261  0.425493 
489    0.526612  0.512156  0.496353  0.479609  0.462189  0.444154  0.425302 
490    0.527008  0.512445  0.496534  0.479684  0.462167  0.444044  0.425109 
491    0.527398  0.512727  0.496708  0.479753  0.46214  0.443929  0.424913 
492    0.527781  0.513004  0.496875  0.479817  0.462108  0.44381  0.424713 
493    0.528157  0.513276  0.497043  0.479884  0.462083  0.443703  0.424529 
494    0.528527  0.513542  0.497204  0.479946  0.462053  0.443592  0.424342 
495    0.52889  0.513802  0.497359  0.480002  0.462019  0.443476  0.424151 
496    0.529273  0.514079  0.497529  0.480069  0.461993  0.443366  0.423964 
497    0.529891  0.514567  0.497882  0.480288  0.462085  0.443343  0.423836 
498    0.530508  0.515053  0.498232  0.480504  0.462175  0.443318  0.423705 
499    0.531124  0.515537  0.49858  0.480717  0.462262  0.44329  0.423572 
500    0.531734  0.516017  0.498923  0.480927  0.462347  0.443261  0.42344 
501    0.532314  0.516473  0.499252  0.481131  0.462436  0.443245  0.42333 
502    0.532892  0.516927  0.499578  0.481332  0.462521  0.443227  0.423219 
503    0.533468  0.517378  0.4999  0.48153  0.462603  0.443206  0.423105 
504    0.534041  0.517826  0.500219  0.481725  0.462683  0.443182  0.422989 
505    0.534699  0.518345  0.500593  0.481955  0.462779  0.443156  0.422853 
506    0.535358  0.518863  0.500965  0.482184  0.462873  0.443129  0.422715 
507    0.536016  0.519381  0.501336  0.48241  0.462965  0.443098  0.422576 
508    0.536674  0.519897  0.501706  0.482635  0.463054  0.443066  0.422435 
509    0.537231  0.520332  0.502014  0.482823  0.463132  0.443047  0.422329 
510    0.537776  0.520754  0.502313  0.483003  0.463205  0.443026  0.422227 
511    0.538317  0.521174  0.502608  0.48318  0.463274  0.443003  0.422121 
512    0.538856  0.52159  0.502901  0.483353  0.463341  0.442976  0.422014 
513    0.539465  0.522069  0.503244  0.483567  0.463436  0.442966  0.421912 
514    0.540105  0.522574  0.503609  0.483797  0.463541  0.442962  0.421811 
515    0.540744  0.523077  0.503973  0.484024  0.463644  0.442955  0.421709 
516    0.541382  0.523579  0.504334  0.48425  0.463745  0.442946  0.421604 
517    0.541976  0.524043  0.504665  0.484451  0.463827  0.442924  0.421491 
518    0.542504  0.524454  0.504953  0.484619  0.463885  0.442885  0.421368 
519    0.543034  0.524865  0.505241  0.484787  0.463943  0.442845  0.421244 
520    0.543566  0.525278  0.50553  0.484955  0.463999  0.442804  0.421119 
521    0.544102  0.525694  0.505822  0.485125  0.464057  0.442763  0.420994 
522    0.544658  0.526129  0.506131  0.485311  0.46413  0.442737  0.420883 
523    0.545216  0.526566  0.506441  0.485497  0.464202  0.44271  0.42077 
524    0.545775  0.527003  0.506751  0.485683  0.464274  0.442681  0.420656 
525    0.546336  0.527442  0.507062  0.485869  0.464345  0.442652  0.420542 
526    0.546872  0.527859  0.507356  0.486044  0.464411  0.442625  0.420435 
527    0.54739  0.528261  0.507638  0.486211  0.464474  0.442598  0.420334 
528    0.547909  0.528664  0.507921  0.486378  0.464536  0.44257  0.420232 
529    0.548429  0.529067  0.508203  0.486543  0.464596  0.442542  0.420128 
530    0.548959  0.529478  0.508491  0.486713  0.464659  0.442512  0.420022 
531    0.549572  0.52996  0.508835  0.486921  0.464742  0.442486  0.419903 
532    0.550188  0.530443  0.509179  0.487129  0.464825  0.442459  0.419783 
533    0.550805  0.530927  0.509524  0.487338  0.464907  0.442432  0.419663 
534    0.551425  0.531414  0.50987  0.487546  0.464989  0.442403  0.419541 
535    0.552072  0.531927  0.510244  0.487783  0.465099  0.442403  0.419447 
536    0.552738  0.53246  0.510637  0.488038  0.465227  0.44242  0.419372 
537    0.553406  0.532994  0.511031  0.488293  0.465355  0.442438  0.419296 
538    0.554076  0.53353  0.511425  0.488549  0.465483  0.442454  0.419219 
539    0.554749  0.534068  0.511821  0.488804  0.46561  0.44247  0.419142 
540    0.555159  0.534377  0.512025  0.488907  0.465621  0.442404  0.419013 
541    0.55554  0.534661  0.512208  0.488993  0.46562  0.442329  0.418879 
542    0.555922  0.534946  0.512391  0.489078  0.465617  0.442253  0.418744 
543    0.556304  0.535231  0.512575  0.489163  0.465614  0.442176  0.418608 
544    0.556696  0.535524  0.512765  0.489253  0.465615  0.442101  0.418472 
545    0.55712  0.535846  0.51298  0.489364  0.465631  0.442037  0.418343 
546    0.557545  0.536169  0.513195  0.489475  0.465646  0.441972  0.418213 
547    0.557971  0.536492  0.513411  0.489585  0.465662  0.441907  0.418082 
548    0.558398  0.536817  0.513627  0.489696  0.465677  0.441841  0.417951 
549    0.558791  0.537111  0.51382  0.48979  0.465682  0.441774  0.417825 
550    0.55913  0.53736  0.513976  0.489858  0.465674  0.441703  0.417708 
551    0.55947  0.537609  0.514132  0.489925  0.465664  0.441632  0.417591 
552    0.55981  0.537858  0.514287  0.489992  0.465654  0.441561  0.417472 
553    0.56015  0.538107  0.514442  0.490059  0.465643  0.441488  0.417353 
554    0.560571  0.538428  0.514658  0.490173  0.465667  0.441436  0.417241 
555    0.561074  0.538823  0.514937  0.490337  0.465725  0.441404  0.417135 
556    0.561579  0.539218  0.515216  0.490501  0.465783  0.441371  0.417029 
557    0.562085  0.539615  0.515496  0.490665  0.465841  0.441339  0.416922 
558    0.562593  0.540013  0.515777  0.49083  0.4659  0.441306  0.416815 
559    0.563056  0.540373  0.516027  0.490973  0.465946  0.44127  0.416714 
560    0.563475  0.540693  0.516245  0.491093  0.465978  0.441231  0.41662 
561    0.563894  0.541015  0.516464  0.491213  0.46601  0.441191  0.416525 
562    0.564313  0.541336  0.516683  0.491332  0.466042  0.441151  0.416429 
563    0.564733  0.541658  0.516901  0.491452  0.466073  0.44111  0.416333 
564    0.565021  0.541864  0.517023  0.491491  0.466042  0.441021  0.416201 
565    0.56511  0.541897  0.516998  0.491412  0.465916  0.440861  0.416015 
566    0.565199  0.54193  0.516974  0.491334  0.465791  0.4407  0.415828 
567    0.565289  0.541964  0.516949  0.491255  0.465665  0.440538  0.415641 
568    0.56538  0.541998  0.516925  0.491176  0.46554  0.440377  0.415454 
569    0.565464  0.542028  0.516899  0.491097  0.465418  0.440222  0.415277 
570    0.565529  0.542044  0.516866  0.49102  0.465305  0.440085  0.415125 
571    0.565595  0.542061  0.516834  0.490943  0.465192  0.439947  0.414972 
572    0.565661  0.542078  0.516801  0.490866  0.465079  0.439809  0.414819 
573    0.565727  0.542095  0.516769  0.490788  0.464965  0.43967  0.414666 
574    0.565793  0.542112  0.516736  0.490711  0.464851  0.439531  0.414511 
575    0.565862  0.54213  0.516702  0.490629  0.464731  0.439383  0.414346 
576    0.565931  0.542147  0.516668  0.490547  0.46461  0.439235  0.414181 
577    0.566  0.542165  0.516633  0.490465  0.464489  0.439086  0.414015 
578    0.56607  0.542184  0.516599  0.490383  0.464368  0.438937  0.413848 
579    0.56614  0.542202  0.516565  0.4903  0.464246  0.438787  0.413681 
580    0.566248  0.542256  0.516562  0.490245  0.464146  0.438654  0.413525 
581    0.566382  0.542333  0.516581  0.490207  0.46406  0.438531  0.413376 
582    0.566517  0.542411  0.516599  0.49017  0.463975  0.438408  0.413227 
583    0.566652  0.542489  0.516619  0.490132  0.463889  0.438285  0.413078 
584    0.566787  0.542568  0.516638  0.490095  0.463803  0.438162  0.412928 
585    0.566919  0.542643  0.516655  0.490056  0.463716  0.438038  0.412779 
586    0.567034  0.542704  0.51666  0.490009  0.463625  0.437915  0.412634 
587    0.56715  0.542766  0.516665  0.489962  0.463534  0.437791  0.412489 
588    0.567266  0.542827  0.516671  0.489915  0.463443  0.437667  0.412343 
589    0.567382  0.542889  0.516677  0.489868  0.463351  0.437542  0.412196 
590    0.567499  0.542952  0.516683  0.489821  0.463259  0.437417  0.41205 
591    0.567592  0.542995  0.516675  0.489765  0.463165  0.437294  0.411909 
592    0.567669  0.543026  0.516658  0.489705  0.463069  0.437173  0.411772 
593    0.567746  0.543057  0.516642  0.489645  0.462972  0.437051  0.411636 
594    0.567824  0.543088  0.516626  0.489584  0.462875  0.436929  0.411498 
595    0.567901  0.54312  0.516609  0.489523  0.462778  0.436806  0.411361 
596    0.56798  0.543151  0.516593  0.489462  0.462681  0.436683  0.411222 
597    0.568068  0.543193  0.516585  0.489409  0.46259  0.436565  0.411088 
598    0.568158  0.543235  0.516578  0.489356  0.462499  0.436447  0.410953 
599    0.568248  0.543278  0.516572  0.489304  0.462409  0.436329  0.410818 
600    0.568339  0.543321  0.516565  0.489251  0.462318  0.43621  0.410682 
601    0.568429  0.543364  0.516559  0.489198  0.462226  0.436092  0.410547 
602    0.568524  0.54341  0.516555  0.489148  0.462137  0.435975  0.410412 
603    0.568643  0.543481  0.516576  0.489121  0.462069  0.435876  0.410295 
604    0.568763  0.543553  0.516597  0.489093  0.462001  0.435778  0.410177 
605    0.568884  0.543625  0.516618  0.489066  0.461932  0.435679  0.410059 
606    0.569004  0.543697  0.516639  0.489038  0.461864  0.43558  0.40994 
607    0.569126  0.54377  0.51666  0.489011  0.461795  0.435481  0.409821 
608    0.569244  0.543839  0.516679  0.48898  0.461724  0.435379  0.4097 
609    0.569351  0.543897  0.516685  0.488939  0.461641  0.435266  0.409568 
610    0.569458  0.543955  0.516692  0.488897  0.461558  0.435154  0.409437 
611    0.569566  0.544014  0.516699  0.488855  0.461475  0.435041  0.409305 
612    0.569674  0.544073  0.516706  0.488813  0.461392  0.434927  0.409173 
613    0.569782  0.544132  0.516713  0.488771  0.461309  0.434814  0.40904 
614    0.569891  0.544192  0.516722  0.488731  0.461228  0.434703  0.40891 
615    0.570002  0.544255  0.516735  0.488698  0.461156  0.434602  0.408793 
616    0.570113  0.544319  0.516749  0.488664  0.461083  0.434502  0.408675 
617    0.570224  0.544382  0.516763  0.488631  0.46101  0.434401  0.408557 
618    0.570336  0.544446  0.516777  0.488598  0.460938  0.4343  0.408439 
619    0.570448  0.544511  0.516791  0.488564  0.460865  0.434198  0.40832 
620    0.570568  0.544581  0.51681  0.488535  0.460794  0.434098  0.408202 
621    0.570752  0.544707  0.516874  0.488539  0.460746  0.434011  0.408088 
622    0.570937  0.544834  0.516939  0.488543  0.460699  0.433923  0.407974 
623    0.571123  0.544961  0.517004  0.488548  0.460651  0.433836  0.407859 
624    0.571309  0.545089  0.517069  0.488552  0.460603  0.433748  0.407745 
625    0.571495  0.545217  0.517134  0.488557  0.460555  0.43366  0.40763 
626    0.571683  0.545345  0.517199  0.488561  0.460507  0.433572  0.407514 
627    0.571864  0.545471  0.517267  0.488573  0.46047  0.433499  0.40742 
628    0.572043  0.545597  0.517334  0.488585  0.460436  0.433431  0.40733 
629    0.572224  0.545722  0.517402  0.488598  0.460402  0.433362  0.40724 
630    0.572404  0.545848  0.51747  0.48861  0.460368  0.433294  0.40715 
631    0.572585  0.545974  0.517539  0.488623  0.460333  0.433225  0.407059 
632    0.572766  0.546101  0.517607  0.488636  0.460299  0.433155  0.406968 
633    0.572952  0.546231  0.517678  0.488649  0.460263  0.433084  0.406874 
634    0.573145  0.546367  0.517752  0.488664  0.460227  0.433009  0.406774 
635    0.573338  0.546503  0.517827  0.488679  0.460191  0.432934  0.406673 
636    0.573532  0.546639  0.517901  0.488694  0.460154  0.432859  0.406573 
637    0.573726  0.546776  0.517976  0.48871  0.460118  0.432783  0.406472 
638    0.57392  0.546913  0.518052  0.488725  0.460081  0.432708  0.40637 
639    0.574115  0.54705  0.518127  0.48874  0.460045  0.432632  0.406269 
640    0.574313  0.547191  0.518206  0.488759  0.460012  0.43256  0.406171 
641    0.574512  0.547333  0.518286  0.488779  0.45998  0.432488  0.406074 
642    0.574711  0.547474  0.518366  0.488799  0.459947  0.432416  0.405976 
643    0.574911  0.547617  0.518446  0.488818  0.459915  0.432344  0.405879 
644    0.575111  0.547759  0.518527  0.488838  0.459882  0.432272  0.405781 
645    0.575312  0.547902  0.518607  0.488858  0.45985  0.4322  0.405682 
646    0.575514  0.548047  0.51869  0.488881  0.459819  0.43213  0.405587 
647    0.575724  0.5482  0.518782  0.488913  0.4598  0.432071  0.405503 
648    0.575934  0.548354  0.518875  0.488945  0.45978  0.432012  0.405418 
649    0.576144  0.548508  0.518967  0.488978  0.459761  0.431953  0.405334 
650    0.576355  0.548662  0.51906  0.489011  0.459741  0.431894  0.405249 
651    0.576567  0.548817  0.519153  0.489043  0.459721  0.431835  0.405164 
652    0.576778  0.548972  0.519246  0.489076  0.459701  0.431775  0.405079 
653    0.577144  0.549265  0.519458  0.489206  0.459756  0.431769  0.405029 
654    0.577741  0.549765  0.519849  0.489481  0.459923  0.431843  0.405031 
655    0.578339  0.550267  0.52024  0.489757  0.46009  0.431918  0.405034 
656    0.578939  0.55077  0.520633  0.490034  0.460258  0.431992  0.405036 
657    0.579539  0.551274  0.521026  0.490312  0.460426  0.432067  0.405038 
658    0.58014  0.551779  0.52142  0.490591  0.460595  0.432142  0.405041 
659    0.580742  0.552285  0.521816  0.49087  0.460764  0.432217  0.405043 
660    0.581339  0.552786  0.522206  0.491144  0.460928  0.432287  0.405041 
661    0.581931  0.553282  0.522591  0.491413  0.461086  0.432351  0.405033 
662    0.582524  0.553778  0.522976  0.491682  0.461246  0.432417  0.405026 
663    0.583117  0.554276  0.523363  0.491952  0.461405  0.432482  0.405019 
664    0.583712  0.554774  0.523751  0.492223  0.461565  0.432547  0.405011 
665    0.584307  0.555274  0.524139  0.492495  0.461726  0.432613  0.405004 
666    0.584904  0.555774  0.524528  0.492767  0.461886  0.432678  0.404997 
667    0.585501  0.556276  0.524919  0.49304  0.462048  0.432745  0.40499 
668    0.586101  0.55678  0.525312  0.493316  0.462212  0.432813  0.404984 
669    0.586701  0.557284  0.525705  0.493592  0.462376  0.432881  0.404979 
670    0.587302  0.55779  0.5261  0.493868  0.46254  0.432949  0.404973 
671    0.587904  0.558297  0.526495  0.494145  0.462704  0.433017  0.404967 
672    0.588506  0.558804  0.526891  0.494423  0.46287  0.433086  0.404961 
673    0.58911  0.559312  0.527288  0.494702  0.463035  0.433154  0.404955 
674    0.589716  0.559823  0.527688  0.494984  0.463204  0.433226  0.404953 
675    0.590328  0.560343  0.528097  0.495276  0.463383  0.433309  0.404962 
676    0.590942  0.560863  0.528508  0.495569  0.463563  0.433393  0.404971 
677    0.591556  0.561384  0.528918  0.495862  0.463744  0.433476  0.40498 
678    0.592171  0.561905  0.52933  0.496156  0.463924  0.43356  0.404989 
679    0.592787  0.562428  0.529743  0.496451  0.464106  0.433644  0.404998 
680    0.593403  0.562951  0.530156  0.496746  0.464287  0.433727  0.405007 
681    0.59402  0.563475  0.53057  0.497042  0.464469  0.433812  0.405016 
682    0.594649  0.564013  0.530998  0.497352  0.464665  0.433909  0.405037 
683    0.595282  0.564554  0.53143  0.497665  0.464864  0.434009  0.405061 
684    0.595916  0.565096  0.531862  0.49798  0.465064  0.43411  0.405085 
685    0.59655  0.565639  0.532296  0.498295  0.465264  0.43421  0.405109 
686    0.597185  0.566182  0.53273  0.49861  0.465464  0.434311  0.405133 
687    0.59782  0.566727  0.533165  0.498926  0.465665  0.434412  0.405158 
688    0.598456  0.567271  0.5336  0.499243  0.465866  0.434513  0.405182 
689    0.599056  0.567785  0.53401  0.49954  0.466052  0.434604  0.405199 
690    0.599514  0.568174  0.534314  0.499753  0.466177  0.434653  0.405191 
691    0.599972  0.568562  0.534619  0.499966  0.466301  0.434701  0.405182 
692    0.600431  0.568951  0.534924  0.500179  0.466426  0.43475  0.405173 
693    0.600889  0.56934  0.535229  0.500393  0.46655  0.434798  0.405164 
694    0.601348  0.56973  0.535535  0.500607  0.466675  0.434847  0.405155 
695    0.601807  0.57012  0.535841  0.500821  0.4668  0.434895  0.405146 
696    0.602266  0.57051  0.536147  0.501035  0.466926  0.434944  0.405137 
697    0.602723  0.570898  0.536452  0.501249  0.467051  0.434993  0.405129 
698    0.603177  0.571284  0.536755  0.501462  0.467175  0.435043  0.405123 
699    0.603631  0.57167  0.537058  0.501675  0.4673  0.435092  0.405116 
700    0.604085  0.572057  0.537362  0.501888  0.467425  0.435142  0.405109 
701    0.60454  0.572444  0.537666  0.502101  0.46755  0.435192  0.405102 
702    0.604994  0.572831  0.537971  0.502315  0.467676  0.435241  0.405095 
703    0.605449  0.573218  0.538276  0.502529  0.467801  0.435291  0.405088 
704    0.605904  0.573606  0.538581  0.502743  0.467927  0.43534  0.405081 
705    0.606357  0.573991  0.538883  0.502954  0.468048  0.435386  0.405069 
706    0.606808  0.574374  0.539183  0.503162  0.468166  0.435427  0.405052 
707    0.60726  0.574758  0.539483  0.50337  0.468284  0.435467  0.405035 
708    0.607711  0.575141  0.539783  0.503578  0.468402  0.435508  0.405018 
709    0.608163  0.575525  0.540083  0.503786  0.468521  0.435549  0.405001 
710    0.608615  0.57591  0.540384  0.503995  0.468639  0.43559  0.404984 
711    0.609067  0.576294  0.540686  0.504204  0.468758  0.435631  0.404967 
712    0.609519  0.576679  0.540987  0.504413  0.468876  0.435672  0.404949 
713    0.60998  0.577074  0.5413  0.504635  0.469008  0.435726  0.404945 
714    0.610453  0.577484  0.541629  0.504875  0.469159  0.4358  0.404962 
715    0.610927  0.577893  0.541959  0.505114  0.46931  0.435874  0.404978 
716    0.611401  0.578303  0.542289  0.505355  0.469461  0.435949  0.404994 
717    0.611875  0.578713  0.542619  0.505595  0.469613  0.436023  0.40501 
718    0.612349  0.579124  0.542949  0.505835  0.469764  0.436097  0.405026 
719    0.612822  0.579534  0.54328  0.506076  0.469916  0.436171  0.405042 
720    0.613296  0.579945  0.543611  0.506317  0.470067  0.436246  0.405058 
721    0.613767  0.580353  0.543938  0.506555  0.470215  0.436316  0.40507 
722    0.614227  0.580748  0.544253  0.506778  0.470349  0.436371  0.405067 
723    0.614687  0.581143  0.544567  0.507001  0.470482  0.436427  0.405064 
724    0.615146  0.581539  0.544882  0.507225  0.470615  0.436482  0.405061 
725    0.615606  0.581935  0.545197  0.507449  0.470749  0.436537  0.405058 
726    0.616066  0.582331  0.545512  0.507673  0.470882  0.436592  0.405054 
727    0.616526  0.582727  0.545827  0.507897  0.471016  0.436648  0.405051 
728    0.616986  0.583123  0.546143  0.508122  0.47115  0.436703  0.405047 
729    0.617446  0.58352  0.546459  0.508347  0.471284  0.436758  0.405044 
730    0.61788  0.583893  0.546757  0.508559  0.471412  0.436815  0.405047 
731    0.618302  0.584257  0.547047  0.508767  0.471538  0.436871  0.405053 
732    0.618724  0.584621  0.547337  0.508975  0.471665  0.436928  0.40506 
733    0.619146  0.584985  0.547628  0.509183  0.471791  0.436985  0.405066 
734    0.619568  0.585349  0.547918  0.509391  0.471917  0.437042  0.405072 
735    0.61999  0.585713  0.548209  0.509599  0.472044  0.437099  0.405078 
736    0.620412  0.586078  0.5485  0.509807  0.472171  0.437156  0.405084 
737    0.620835  0.586442  0.548791  0.510015  0.472297  0.437212  0.40509 
738    0.621257  0.586807  0.549083  0.510224  0.472424  0.437269  0.405095 
739    0.621665  0.587156  0.549357  0.510415  0.472532  0.437307  0.405082 
740    0.622073  0.587506  0.549632  0.510606  0.47264  0.437344  0.405068 
741    0.622482  0.587855  0.549907  0.510797  0.472748  0.437382  0.405055 
742    0.62289  0.588205  0.550183  0.510988  0.472856  0.437419  0.405041 
743    0.623299  0.588555  0.550458  0.511179  0.472964  0.437457  0.405027 
744    0.623708  0.588905  0.550734  0.511371  0.473073  0.437494  0.405013 
745    0.624116  0.589256  0.55101  0.511562  0.473181  0.437532  0.404999 
746    0.624525  0.589606  0.551286  0.511754  0.47329  0.437569  0.404985 
747    0.624934  0.589958  0.551563  0.511948  0.473399  0.437608  0.404972 
748    0.625354  0.59032  0.551853  0.512153  0.473522  0.437658  0.40497 
749    0.625774  0.590683  0.552142  0.512359  0.473644  0.437709  0.404968 
750    0.626193  0.591046  0.552432  0.512565  0.473766  0.437759  0.404967 
751    0.626613  0.591409  0.552721  0.512771  0.473889  0.43781  0.404965 
752    0.627032  0.591772  0.553011  0.512977  0.474011  0.43786  0.404963 
753    0.627452  0.592135  0.553302  0.513184  0.474134  0.437911  0.404961 
754    0.627871  0.592498  0.553592  0.51339  0.474256  0.437961  0.404958 
755    0.62829  0.592862  0.553882  0.513597  0.474379  0.438012  0.404956 
756    0.62871  0.593225  0.554173  0.513804  0.474502  0.438062  0.404954 
757    0.629126  0.593587  0.554464  0.514014  0.47463  0.43812  0.404961 
758    0.629543  0.59395  0.554756  0.514223  0.474758  0.438178  0.404968 
759    0.629959  0.594312  0.555048  0.514433  0.474886  0.438236  0.404975 
760    0.630376  0.594675  0.555339  0.514643  0.475014  0.438294  0.404982 
761    0.630792  0.595037  0.555631  0.514854  0.475143  0.438352  0.404989 
762    0.631208  0.5954  0.555923  0.515064  0.475271  0.43841  0.404995 
763    0.631624  0.595762  0.556215  0.515275  0.475399  0.438467  0.405002 
764    0.63204  0.596125  0.556508  0.515485  0.475528  0.438525  0.405008 
765    0.632456  0.596487  0.5568  0.515696  0.475656  0.438583  0.405015 
766    0.632877  0.596855  0.557097  0.515912  0.475789  0.438644  0.405024 
767    0.6333  0.597225  0.557397  0.516129  0.475923  0.438706  0.405033 
768    0.633723  0.597595  0.557697  0.516347  0.476058  0.438768  0.405043 
769    0.634146  0.597966  0.557997  0.516565  0.476192  0.43883  0.405052 
770    0.634569  0.598336  0.558297  0.516783  0.476327  0.438893  0.405062 
771    0.634991  0.598706  0.558597  0.517001  0.476462  0.438955  0.405071 
772    0.635414  0.599076  0.558898  0.517219  0.476597  0.439017  0.40508 
773    0.635836  0.599447  0.559198  0.517438  0.476731  0.439079  0.405089 
774    0.636259  0.599817  0.559499  0.517656  0.476866  0.439142  0.405099 
775    0.636679  0.600185  0.559798  0.517873  0.476999  0.439202  0.405106 
776    0.637077  0.600532  0.560076  0.51807  0.477113  0.439244  0.405096 
777    0.637476  0.60088  0.560354  0.518266  0.477227  0.439286  0.405085 
778    0.637875  0.601227  0.560632  0.518463  0.477341  0.439328  0.405075 
779    0.638273  0.601574  0.560911  0.51866  0.477455  0.43937  0.405065 
780    0.638672  0.601922  0.561189  0.518858  0.477569  0.439412  0.405054 
781    0.63907  0.602269  0.561468  0.519055  0.477683  0.439454  0.405044 
782    0.639468  0.602617  0.561747  0.519252  0.477797  0.439495  0.405033 
783    0.639867  0.602965  0.562026  0.51945  0.477912  0.439537  0.405022 
784    0.640265  0.603312  0.562305  0.519648  0.478026  0.439579  0.405011 
785    0.640666  0.603663  0.562588  0.51985  0.478144  0.439625  0.405004 
786    0.641073  0.604022  0.562879  0.52006  0.478272  0.43968  0.405006 
787    0.641481  0.60438  0.56317  0.520271  0.478399  0.439734  0.405007 
788    0.641888  0.604739  0.563462  0.520482  0.478527  0.439789  0.405008 
789    0.642295  0.605097  0.563753  0.520693  0.478654  0.439843  0.405009 
790    0.642702  0.605456  0.564045  0.520904  0.478782  0.439898  0.40501 
791    0.643109  0.605815  0.564337  0.521115  0.47891  0.439953  0.405011 
792    0.643516  0.606173  0.564629  0.521327  0.479038  0.440007  0.405012 
793    0.643922  0.606532  0.564921  0.521538  0.479166  0.440062  0.405013 
794    0.644329  0.60689  0.565213  0.52175  0.479294  0.440116  0.405014 
795    0.644733  0.607247  0.565503  0.52196  0.479421  0.440169  0.405013 
796    0.645132  0.607597  0.565786  0.522162  0.479539  0.440215  0.405005 
797    0.64553  0.607947  0.566069  0.522365  0.479658  0.44026  0.404997 
798    0.645928  0.608297  0.566353  0.522567  0.479777  0.440306  0.404989 
799    0.646326  0.608647  0.566636  0.52277  0.479896  0.440351  0.404981 
800    0.646723  0.608997  0.56692  0.522973  0.480015  0.440397  0.404973 
801    0.647121  0.609347  0.567203  0.523176  0.480134  0.440442  0.404965 
802    0.647518  0.609697  0.567487  0.523379  0.480253  0.440487  0.404956 
803    0.647916  0.610047  0.567771  0.523582  0.480372  0.440533  0.404948 
804    0.648313  0.610398  0.568055  0.523786  0.480492  0.440578  0.40494 
805    0.64871  0.610748  0.568339  0.523989  0.480611  0.440624  0.404931 
806    0.649117  0.61111  0.568637  0.524208  0.480748  0.440687  0.40494 
807    0.649525  0.611473  0.568936  0.52443  0.480886  0.440752  0.404952 
808    0.649932  0.611836  0.569236  0.524651  0.481024  0.440817  0.404963 
809    0.65034  0.612199  0.569536  0.524872  0.481163  0.440882  0.404974 
810    0.650747  0.612562  0.569836  0.525094  0.481302  0.440947  0.404985 
811    0.651154  0.612925  0.570135  0.525315  0.48144  0.441012  0.404996 
812    0.651561  0.613289  0.570435  0.525537  0.481579  0.441077  0.405007 
813    0.651967  0.613652  0.570735  0.525759  0.481718  0.441142  0.405018 
814    0.652374  0.614015  0.571036  0.52598  0.481857  0.441207  0.405029 
815    0.65278  0.614377  0.571336  0.526202  0.481996  0.441272  0.40504 
816    0.653184  0.614738  0.571633  0.526422  0.482132  0.441335  0.405048 
817    0.653583  0.615093  0.571925  0.526635  0.482263  0.441392  0.405051 
818    0.653981  0.615448  0.572217  0.526849  0.482393  0.441448  0.405054 
819    0.654379  0.615803  0.572509  0.527062  0.482523  0.441505  0.405056 
820    0.654777  0.616157  0.572801  0.527276  0.482654  0.441562  0.405059 
821    0.655175  0.616512  0.573093  0.52749  0.482785  0.441618  0.405062 
822    0.655573  0.616867  0.573385  0.527704  0.482915  0.441675  0.405064 
823    0.65597  0.617221  0.573677  0.527918  0.483046  0.441731  0.405067 
824    0.656368  0.617576  0.57397  0.528132  0.483177  0.441788  0.405069 
825    0.656765  0.617931  0.574262  0.528346  0.483308  0.441845  0.405072 
826    0.657162  0.618285  0.574555  0.52856  0.483439  0.441901  0.405074 
827    0.657534  0.618622  0.574837  0.528773  0.483577  0.441973  0.405097 
828    0.65787  0.618931  0.575103  0.528984  0.483726  0.442066  0.40515 
829    0.658207  0.61924  0.57537  0.529194  0.483874  0.442159  0.405202 
830    0.658542  0.619549  0.575636  0.529404  0.484023  0.442252  0.405255 
831    0.658878  0.619858  0.575903  0.529615  0.484172  0.442345  0.405308 
832    0.659213  0.620167  0.576169  0.529825  0.484321  0.442438  0.405361 
833    0.659548  0.620476  0.576436  0.530036  0.48447  0.442532  0.405414 
834    0.659883  0.620784  0.576702  0.530246  0.484619  0.442625  0.405466 
835    0.660217  0.621092  0.576968  0.530457  0.484767  0.442718  0.405519 
836    0.660552  0.621401  0.577235  0.530667  0.484916  0.442811  0.405572 
837    0.660886  0.621709  0.577501  0.530878  0.485065  0.442904  0.405624 
838    0.661219  0.622017  0.577767  0.531088  0.485214  0.442997  0.405677 
839    0.661553  0.622324  0.578033  0.531299  0.485363  0.44309  0.405729 
840    0.661886  0.622632  0.578299  0.531509  0.485512  0.443183  0.405782 
841    0.662219  0.622939  0.578565  0.53172  0.485661  0.443276  0.405834 
842    0.662552  0.623247  0.578831  0.53193  0.48581  0.443369  0.405886 
843    0.662884  0.623554  0.579097  0.532141  0.485959  0.443462  0.405939 
844    0.663216  0.623861  0.579363  0.532351  0.486108  0.443555  0.405991 
845    0.663548  0.624168  0.579629  0.532562  0.486257  0.443648  0.406043 
846    0.66388  0.624474  0.579894  0.532773  0.486407  0.443741  0.406095 
847    0.664211  0.624781  0.58016  0.532983  0.486556  0.443834  0.406147 
848    0.664542  0.625087  0.580426  0.533194  0.486705  0.443927  0.406199 
849    0.664873  0.625394  0.580691  0.533404  0.486854  0.44402  0.406252 
850    0.665204  0.6257  0.580957  0.533615  0.487003  0.444113  0.406304 
851    0.665534  0.626006  0.581222  0.533826  0.487152  0.444206  0.406356 
852    0.665864  0.626312  0.581488  0.534036  0.487301  0.444299  0.406407 
853    0.666194  0.626617  0.581753  0.534247  0.487451  0.444392  0.406459 
854    0.666524  0.626923  0.582018  0.534458  0.4876  0.444485  0.406511 
855    0.666853  0.627228  0.582284  0.534668  0.487749  0.444578  0.406563 
856    0.667182  0.627533  0.582549  0.534879  0.487898  0.44467  0.406615 
857    0.667511  0.627838  0.582814  0.53509  0.488048  0.444763  0.406666 
858    0.667839  0.628143  0.583079  0.5353  0.488197  0.444856  0.406718 
859    0.668167  0.628448  0.583344  0.535511  0.488346  0.444949  0.40677 
860    0.668495  0.628753  0.583609  0.535722  0.488496  0.445042  0.406821 
861    0.668823  0.629057  0.583874  0.535932  0.488645  0.445135  0.406873 
862    0.66915  0.629361  0.584139  0.536143  0.488794  0.445228  0.406925 
863    0.669477  0.629665  0.584404  0.536354  0.488944  0.445321  0.406976 
864    0.669804  0.629969  0.584669  0.536565  0.489093  0.445413  0.407028 
865    0.670131  0.630273  0.584934  0.536775  0.489243  0.445506  0.407079 
866    0.670457  0.630577  0.585198  0.536986  0.489392  0.445599  0.40713 
867    0.670783  0.63088  0.585463  0.537197  0.489542  0.445692  0.407182 
868    0.671109  0.631184  0.585727  0.537408  0.489691  0.445785  0.407233 
869    0.671435  0.631487  0.585992  0.537618  0.489841  0.445878  0.407284 
870    0.67176  0.63179  0.586256  0.537829  0.48999  0.44597  0.407336 
871    0.672085  0.632093  0.586521  0.53804  0.49014  0.446063  0.407387 
872    0.672409  0.632395  0.586785  0.538251  0.490289  0.446156  0.407438 
873    0.672734  0.632698  0.587049  0.538461  0.490439  0.446249  0.407489 
874    0.673058  0.633  0.587313  0.538672  0.490588  0.446342  0.40754 
875    0.673382  0.633302  0.587578  0.538883  0.490738  0.446434  0.407591 
876    0.673706  0.633604  0.587842  0.539094  0.490888  0.446527  0.407642 
877    0.674029  0.633906  0.588106  0.539304  0.491037  0.44662  0.407693 
878    0.674352  0.634208  0.58837  0.539515  0.491187  0.446713  0.407744 
879    0.674675  0.634509  0.588634  0.539726  0.491337  0.446805  0.407795 
880    0.674997  0.634811  0.588897  0.539937  0.491486  0.446898  0.407846 
881    0.67532  0.635112  0.589161  0.540148  0.491636  0.446991  0.407897 
882    0.675641  0.635413  0.589425  0.540358  0.491786  0.447084  0.407948 
883    0.675963  0.635714  0.589689  0.540569  0.491936  0.447177  0.407998 
884    0.676285  0.636015  0.589952  0.54078  0.492086  0.447269  0.408049 
885    0.676606  0.636315  0.590216  0.540991  0.492235  0.447362  0.4081 
886    0.676914  0.636605  0.59047  0.541195  0.492381  0.447452  0.408149 
887    0.677204  0.636878  0.590711  0.541389  0.49252  0.447538  0.408196 
888    0.677494  0.637151  0.590952  0.541584  0.492658  0.447624  0.408243 
889    0.677783  0.637424  0.591193  0.541778  0.492797  0.447711  0.40829 
890    0.678072  0.637696  0.591434  0.541972  0.492936  0.447797  0.408336 
891    0.678361  0.637969  0.591675  0.542166  0.493075  0.447883  0.408383 
892    0.678649  0.638241  0.591916  0.54236  0.493214  0.447969  0.40843 
893    0.678938  0.638513  0.592157  0.542555  0.493353  0.448055  0.408477 
894    0.679226  0.638785  0.592398  0.542749  0.493492  0.448141  0.408523 
895    0.679514  0.639057  0.592638  0.542943  0.493631  0.448227  0.40857 
896    0.679801  0.639329  0.592879  0.543137  0.493769  0.448314  0.408617 
897    0.680089  0.639601  0.593119  0.543332  0.493908  0.4484  0.408663 
898    0.680376  0.639872  0.59336  0.543526  0.494047  0.448486  0.40871 
899    0.680663  0.640143  0.5936  0.54372  0.494186  0.448572  0.408756 
900    0.680949  0.640414  0.59384  0.543914  0.494325  0.448658  0.408803 
901    0.681236  0.640685  0.594081  0.544108  0.494464  0.448744  0.408849 
902    0.681522  0.640956  0.594321  0.544303  0.494604  0.448831  0.408896 
903    0.681808  0.641227  0.594561  0.544497  0.494743  0.448917  0.408942 
904    0.682093  0.641497  0.594801  0.544691  0.494882  0.449003  0.408989 
905    0.682379  0.641768  0.595041  0.544885  0.495021  0.449089  0.409035 
906    0.682664  0.642038  0.595281  0.545079  0.49516  0.449175  0.409082 
907    0.682949  0.642308  0.595521  0.545273  0.495299  0.449261  0.409128 
908    0.683234  0.642578  0.595761  0.545468  0.495438  0.449348  0.409174 
909    0.683518  0.642848  0.596  0.545662  0.495577  0.449434  0.409221 
910    0.683803  0.643117  0.59624  0.545856  0.495717  0.44952  0.409267 
911    0.684086  0.643387  0.59648  0.54605  0.495856  0.449606  0.409313 
912    0.68437  0.643656  0.596719  0.546244  0.495995  0.449692  0.409359 
913    0.684654  0.643925  0.596959  0.546438  0.496134  0.449778  0.409406 
914    0.684937  0.644194  0.597198  0.546633  0.496273  0.449865  0.409452 
915    0.68522  0.644463  0.597437  0.546827  0.496413  0.449951  0.409498 
916    0.685503  0.644732  0.597677  0.547021  0.496552  0.450037  0.409544 
917    0.685785  0.645  0.597916  0.547215  0.496691  0.450123  0.40959 
918    0.686068  0.645268  0.598155  0.547409  0.496831  0.450209  0.409636 
919    0.68635  0.645537  0.598394  0.547603  0.49697  0.450296  0.409683 
920    0.686631  0.645805  0.598633  0.547797  0.497109  0.450382  0.409729 
921    0.686913  0.646073  0.598872  0.547991  0.497249  0.450468  0.409775 
922    0.687194  0.64634  0.599111  0.548185  0.497388  0.450554  0.409821 
923    0.687475  0.646608  0.599349  0.548379  0.497528  0.450641  0.409867 
924    0.687756  0.646875  0.599588  0.548574  0.497667  0.450727  0.409913 
925    0.688037  0.647142  0.599827  0.548768  0.497806  0.450813  0.409959 
926    0.688317  0.64741  0.600065  0.548962  0.497946  0.450899  0.410005 
927    0.688597  0.647676  0.600304  0.549156  0.498085  0.450985  0.410051 
928    0.688877  0.647943  0.600542  0.54935  0.498225  0.451072  0.410097 
929    0.689156  0.64821  0.60078  0.549544  0.498364  0.451158  0.410142 
930    0.689436  0.648476  0.601019  0.549738  0.498504  0.451244  0.410188 
931    0.689715  0.648743  0.601257  0.549932  0.498643  0.45133  0.410234 
932    0.689994  0.649009  0.601495  0.550126  0.498783  0.451417  0.41028 
933    0.690272  0.649275  0.601733  0.55032  0.498922  0.451503  0.410326 
934    0.690551  0.64954  0.601971  0.550514  0.499062  0.451589  0.410372 
935    0.690829  0.649806  0.602209  0.550708  0.499202  0.451676  0.410417 
936    0.691107  0.650072  0.602447  0.550902  0.499341  0.451762  0.410463 
937    0.691384  0.650337  0.602684  0.551096  0.499481  0.451848  0.410509 
938    0.691662  0.650602  0.602922  0.55129  0.499621  0.451934  0.410555 
939    0.691939  0.650867  0.60316  0.551484  0.49976  0.452021  0.4106 
940    0.692216  0.651132  0.603397  0.551678  0.4999  0.452107  0.410646 
941    0.692492  0.651396  0.603634  0.551872  0.50004  0.452193  0.410692 
942    0.692769  0.651661  0.603872  0.552066  0.500179  0.45228  0.410737 
943    0.693045  0.651925  0.604109  0.552259  0.500319  0.452366  0.410783 
944    0.693321  0.652189  0.604346  0.552453  0.500459  0.452452  0.410829 
945    0.693596  0.652453  0.604583  0.552647  0.500599  0.452539  0.410874 
946    0.693872  0.652717  0.60482  0.552841  0.500738  0.452625  0.41092 
947    0.694147  0.652981  0.605057  0.553035  0.500878  0.452711  0.410965 
948    0.694422  0.653245  0.605294  0.553229  0.501018  0.452798  0.411011 
949    0.694696  0.653508  0.605531  0.553423  0.501158  0.452884  0.411056 
950    0.694971  0.653771  0.605768  0.553617  0.501298  0.45297  0.411102 
951    0.695245  0.654034  0.606005  0.55381  0.501438  0.453057  0.411147 
952    0.695519  0.654297  0.606241  0.554004  0.501577  0.453143  0.411193 
953    0.695792  0.65456  0.606478  0.554198  0.501717  0.453229  0.411238 
954    0.696058  0.654814  0.606707  0.554385  0.501852  0.453312  0.411281 
955    0.696306  0.655051  0.606919  0.554557  0.501974  0.453386  0.411319 
956    0.696553  0.655288  0.60713  0.554729  0.502097  0.45346  0.411357 
957    0.696801  0.655525  0.607342  0.554901  0.502219  0.453534  0.411395 
958    0.697048  0.655761  0.607554  0.555073  0.502342  0.453608  0.411433 
959    0.697295  0.655997  0.607766  0.555245  0.502464  0.453682  0.411471 
960    0.697542  0.656234  0.607977  0.555417  0.502587  0.453756  0.411509 
961    0.697788  0.65647  0.608189  0.555589  0.502709  0.45383  0.411547 
962    0.698035  0.656706  0.608401  0.555762  0.502832  0.453904  0.411584 
963    0.698281  0.656942  0.608612  0.555934  0.502954  0.453978  0.411622 
964    0.698527  0.657177  0.608824  0.556106  0.503077  0.454052  0.41166 
965    0.698773  0.657413  0.609035  0.556278  0.5032  0.454126  0.411698 
966    0.699018  0.657649  0.609247  0.55645  0.503322  0.4542  0.411736 
967    0.699264  0.657884  0.609458  0.556622  0.503445  0.454274  0.411773 
968    0.699509  0.658119  0.609669  0.556794  0.503568  0.454348  0.411811 
969    0.699754  0.658355  0.609881  0.556966  0.50369  0.454423  0.411849 
970    0.699999  0.65859  0.610092  0.557139  0.503813  0.454497  0.411887 
971    0.700244  0.658825  0.610303  0.557311  0.503936  0.454571  0.411924 
972    0.700489  0.65906  0.610514  0.557483  0.504059  0.454645  0.411962 
973    0.700733  0.659294  0.610725  0.557655  0.504182  0.454719  0.412 
974    0.700977  0.659529  0.610936  0.557827  0.504305  0.454793  0.412037 
975    0.701221  0.659763  0.611147  0.558  0.504428  0.454868  0.412075 
976    0.701465  0.659998  0.611358  0.558172  0.504551  0.454942  0.412113 
977    0.701709  0.660232  0.611569  0.558344  0.504674  0.455016  0.41215 
978    0.701952  0.660466  0.61178  0.558516  0.504797  0.45509  0.412188 
979    0.702196  0.6607  0.611991  0.558688  0.50492  0.455165  0.412226 
980    0.702439  0.660934  0.612202  0.558861  0.505043  0.455239  0.412263 
981    0.702682  0.661168  0.612413  0.559033  0.505166  0.455313  0.412301 
982    0.702924  0.661402  0.612623  0.559205  0.505289  0.455388  0.412338 
983    0.703167  0.661635  0.612834  0.559377  0.505412  0.455462  0.412376 
984    0.703409  0.661869  0.613045  0.55955  0.505535  0.455536  0.412414 
985    0.703652  0.662102  0.613255  0.559722  0.505659  0.455611  0.412451 
986    0.703894  0.662335  0.613466  0.559894  0.505782  0.455685  0.412489 
987    0.704135  0.662569  0.613676  0.560067  0.505905  0.455759  0.412526 
988    0.704377  0.662802  0.613886  0.560239  0.506028  0.455834  0.412564 
989    0.704618  0.663034  0.614097  0.560411  0.506152  0.455908  0.412601 
990    0.70486  0.663267  0.614307  0.560584  0.506275  0.455983  0.412639 
991    0.705101  0.6635  0.614517  0.560756  0.506398  0.456057  0.412676 
992    0.705342  0.663732  0.614728  0.560928  0.506522  0.456132  0.412714 
993    0.705582  0.663965  0.614938  0.561101  0.506645  0.456206  0.412751 
994    0.705823  0.664197  0.615148  0.561273  0.506769  0.45628  0.412789 
995    0.706063  0.664429  0.615358  0.561445  0.506892  0.456355  0.412826 
996    0.706303  0.664661  0.615568  0.561618  0.507016  0.45643  0.412864 
997    0.706543  0.664893  0.615778  0.56179  0.507139  0.456504  0.412901 
998    0.706783  0.665125  0.615988  0.561962  0.507263  0.456579  0.412939 
999    0.707023  0.665356  0.616198  0.562135  0.507386  0.456653  0.412976 
1000    0.707262  0.665588  0.616408  0.562307  0.50751  0.456728  0.413014 
1001    0.707501  0.665819  0.616617  0.562479  0.507634  0.456802  0.413051 
1002    0.70774  0.666051  0.616827  0.562652  0.507757  0.456877  0.413089 
1003    0.707979  0.666282  0.617037  0.562824  0.507881  0.456952  0.413126 
1004    0.708218  0.666513  0.617246  0.562996  0.508005  0.457026  0.413163 
1005    0.708456  0.666744  0.617456  0.563169  0.508128  0.457101  0.413201 
1006    0.708694  0.666975  0.617665  0.563341  0.508252  0.457176  0.413238 
1007    0.708932  0.667205  0.617875  0.563514  0.508376  0.45725  0.413276 
1008    0.70917  0.667436  0.618084  0.563686  0.5085  0.457325  0.413313 
1009    0.709408  0.667666  0.618294  0.563858  0.508624  0.4574  0.41335 
1010    0.709645  0.667897  0.618503  0.564031  0.508747  0.457474  0.413388 
1011    0.709883  0.668127  0.618712  0.564203  0.508871  0.457549  0.413425 
1012    0.71012  0.668357  0.618921  0.564376  0.508995  0.457624  0.413462 
1013    0.710357  0.668587  0.619131  0.564548  0.509119  0.457699  0.4135 
1014    0.710594  0.668817  0.61934  0.56472  0.509243  0.457774  0.413537 
1015    0.71083  0.669046  0.619549  0.564893  0.509367  0.457848  0.413574 
1016    0.711066  0.669276  0.619758  0.565065  0.509491  0.457923  0.413612 
1017    0.711303  0.669505  0.619967  0.565238  0.509615  0.457998  0.413649 
1018    0.711539  0.669735  0.620175  0.56541  0.509739  0.458073  0.413686 
1019    0.711774  0.669964  0.620384  0.565583  0.509863  0.458148  0.413724 
1020    0.71201  0.670193  0.620593  0.565755  0.509988  0.458223  0.413761 
1021    0.712245  0.670422  0.620802  0.565927  0.510112  0.458298  0.413798 
1022    0.712481  0.670651  0.62101  0.5661  0.510236  0.458373  0.413835 
1023    0.712716  0.670879  0.621219  0.566272  0.51036  0.458448  0.413873 
1024    0.712951  0.671108  0.621427  0.566445  0.510484  0.458522  0.41391 
1025    0.713185  0.671336  0.621636  0.566617  0.510609  0.458597  0.413947 
1026    0.71342  0.671565  0.621844  0.56679  0.510733  0.458672  0.413984 
1027    0.713654  0.671793  0.622053  0.566962  0.510857  0.458747  0.414022 
1028    0.713888  0.672021  0.622261  0.567134  0.510982  0.458823  0.414059 
1029    0.714122  0.672249  0.622469  0.567307  0.511106  0.458898  0.414096 
1030    0.714356  0.672477  0.622677  0.567479  0.51123  0.458973  0.414133 
1031    0.714589  0.672704  0.622885  0.567652  0.511355  0.459048  0.414171 
1032    0.714823  0.672932  0.623094  0.567824  0.511479  0.459123  0.414208 
1033    0.715056  0.673159  0.623302  0.567996  0.511604  0.459198  0.414245 
1034    0.715337  0.673433  0.623552  0.568205  0.511755  0.459291  0.414293 
1035    0.715617  0.673706  0.623802  0.568413  0.511907  0.459385  0.41434 
1036    0.715897  0.673979  0.624052  0.568621  0.512059  0.459478  0.414388 
1037    0.716177  0.674252  0.624302  0.568829  0.512211  0.459571  0.414436 
1038    0.716457  0.674525  0.624552  0.569038  0.512363  0.459665  0.414483 
1039    0.716736  0.674797  0.624802  0.569246  0.512514  0.459758  0.414531 
1040    0.717016  0.67507  0.625052  0.569454  0.512666  0.459852  0.414579 
1041    0.717294  0.675342  0.625301  0.569662  0.512818  0.459945  0.414626 
1042    0.717573  0.675614  0.625551  0.56987  0.51297  0.460038  0.414674 
1043    0.717851  0.675885  0.6258  0.570078  0.513122  0.460132  0.414721 
1044    0.718129  0.676157  0.626049  0.570286  0.513274  0.460225  0.414769 
1045    0.718407  0.676428  0.626298  0.570494  0.513426  0.460319  0.414816 
1046    0.718684  0.676699  0.626547  0.570702  0.513578  0.460412  0.414864 
1047    0.718961  0.67697  0.626796  0.57091  0.51373  0.460506  0.414911 
1048    0.719238  0.677241  0.627045  0.571118  0.513882  0.460599  0.414959 
1049    0.719515  0.677512  0.627294  0.571326  0.514034  0.460693  0.415006 
1050    0.719791  0.677782  0.627542  0.571534  0.514186  0.460786  0.415054 
1051    0.720067  0.678052  0.627791  0.571742  0.514338  0.46088  0.415101 
1052    0.720343  0.678322  0.628039  0.57195  0.51449  0.460973  0.415149 
1053    0.720618  0.678592  0.628288  0.572157  0.514642  0.461067  0.415196 
1054    0.720893  0.678861  0.628536  0.572365  0.514794  0.46116  0.415244 
1055    0.721168  0.67913  0.628784  0.572573  0.514946  0.461254  0.415291 
1056    0.721443  0.679399  0.629032  0.572781  0.515098  0.461348  0.415339 
1057    0.721717  0.679668  0.62928  0.572988  0.51525  0.461441  0.415386 
1058    0.721991  0.679937  0.629528  0.573196  0.515402  0.461535  0.415433 
1059    0.722265  0.680205  0.629775  0.573404  0.515554  0.461628  0.415481 
1060    0.722538  0.680474  0.630023  0.573611  0.515706  0.461722  0.415528 
1061    0.722811  0.680742  0.63027  0.573819  0.515859  0.461816  0.415576 
1062    0.723084  0.68101  0.630517  0.574026  0.516011  0.461909  0.415623 
1063    0.723356  0.681277  0.630765  0.574234  0.516163  0.462003  0.41567 
1064    0.723629  0.681545  0.631012  0.574441  0.516315  0.462097  0.415718 
1065    0.723901  0.681812  0.631259  0.574649  0.516467  0.46219  0.415765 
1066    0.724172  0.682079  0.631506  0.574856  0.51662  0.462284  0.415812 
1067    0.724444  0.682346  0.631752  0.575064  0.516772  0.462378  0.41586 
1068    0.724715  0.682612  0.631999  0.575271  0.516924  0.462472  0.415907 
1069    0.724986  0.682879  0.632245  0.575478  0.517076  0.462565  0.415954 
1070    0.725256  0.683145  0.632492  0.575686  0.517229  0.462659  0.416001 
1071    0.725526  0.683411  0.632738  0.575893  0.517381  0.462753  0.416049 
1072    0.725796  0.683677  0.632984  0.5761  0.517533  0.462847  0.416096 
1073    0.726066  0.683943  0.63323  0.576307  0.517686  0.46294  0.416143 
1074    0.726336  0.684208  0.633476  0.576515  0.517838  0.463034  0.41619 
1075    0.726605  0.684473  0.633722  0.576722  0.51799  0.463128  0.416238 
1076    0.726873  0.684738  0.633968  0.576929  0.518143  0.463222  0.416285 
1077    0.727142  0.685003  0.634214  0.577136  0.518295  0.463316  0.416332 
1078    0.72741  0.685267  0.634459  0.577343  0.518447  0.46341  0.416379 
1079    0.727678  0.685532  0.634704  0.57755  0.5186  0.463503  0.416426 
1080    0.727946  0.685796  0.63495  0.577757  0.518752  0.463597  0.416474 
1081    0.728213  0.68606  0.635195  0.577964  0.518905  0.463691  0.416521 
1082    0.72848  0.686324  0.63544  0.578171  0.519057  0.463785  0.416568 
1083    0.728747  0.686587  0.635685  0.578378  0.51921  0.463879  0.416615 
1084    0.729014  0.686851  0.63593  0.578585  0.519362  0.463973  0.416662 
1085    0.72928  0.687114  0.636174  0.578791  0.519514  0.464067  0.416709 
1086    0.729546  0.687377  0.636419  0.578998  0.519667  0.464161  0.416757 
1087    0.729812  0.687639  0.636664  0.579205  0.519819  0.464255  0.416804 
1088    0.730077  0.687902  0.636908  0.579412  0.519972  0.464349  0.416851 
1089    0.730342  0.688164  0.637152  0.579619  0.520125  0.464443  0.416898 
1090    0.730607  0.688426  0.637396  0.579825  0.520277  0.464537  0.416945 
1091    0.730872  0.688688  0.63764  0.580032  0.52043  0.464631  0.416992 
1092    0.731136  0.68895  0.637884  0.580238  0.520582  0.464725  0.417039 
1093    0.7314  0.689211  0.638128  0.580445  0.520735  0.464819  0.417086 
1094    0.731664  0.689473  0.638372  0.580652  0.520887  0.464913  0.417133 
1095    0.731927  0.689734  0.638615  0.580858  0.52104  0.465007  0.41718 
1096    0.73219  0.689994  0.638859  0.581064  0.521193  0.465101  0.417227 
1097    0.732453  0.690255  0.639102  0.581271  0.521345  0.465195  0.417274 
1098    0.732716  0.690515  0.639345  0.581477  0.521498  0.465289  0.417321 
1099    0.732978  0.690776  0.639588  0.581684  0.52165  0.465383  0.417368 
1100    0.73324  0.691036  0.639831  0.58189  0.521803  0.465478  0.417415 
1101    0.733502  0.691296  0.640074  0.582096  0.521956  0.465572  0.417462 
1102    0.733763  0.691555  0.640317  0.582303  0.522108  0.465666  0.417509 
1103    0.734024  0.691815  0.640559  0.582509  0.522261  0.46576  0.417556 
1104    0.734285  0.692074  0.640802  0.582715  0.522414  0.465854  0.417603 
1105    0.734546  0.692333  0.641044  0.582921  0.522566  0.465948  0.41765 
1106    0.734806  0.692591  0.641286  0.583127  0.522719  0.466043  0.417697 
1107    0.735066  0.69285  0.641529  0.583333  0.522872  0.466137  0.417744 
1108    0.735326  0.693108  0.641771  0.583539  0.523025  0.466231  0.417791 
1109    0.735585  0.693366  0.642012  0.583745  0.523177  0.466325  0.417838 
1110    0.735845  0.693624  0.642254  0.583951  0.52333  0.46642  0.417885 
1111    0.736104  0.693882  0.642496  0.584157  0.523483  0.466514  0.417932 
1112    0.736362  0.69414  0.642737  0.584363  0.523636  0.466608  0.417979 
1113    0.736621  0.694397  0.642979  0.584569  0.523789  0.466703  0.418026 
1114    0.736879  0.694654  0.64322  0.584775  0.523941  0.466797  0.418073 
1115    0.737136  0.694911  0.643461  0.584981  0.524094  0.466891  0.41812 
1116    0.737394  0.695168  0.643702  0.585186  0.524247  0.466986  0.418167 
1117    0.737651  0.695424  0.643943  0.585392  0.5244  0.46708  0.418214 
1118    0.737908  0.69568  0.644184  0.585598  0.524553  0.467174  0.418261 
1119    0.738165  0.695936  0.644425  0.585803  0.524706  0.467269  0.418307 
1120    0.738421  0.696192  0.644665  0.586009  0.524858  0.467363  0.418354 
1121    0.738677  0.696448  0.644906  0.586214  0.525011  0.467458  0.418401 
1122    0.738933  0.696703  0.645146  0.58642  0.525164  0.467552  0.418448 
1123    0.739189  0.696958  0.645386  0.586625  0.525317  0.467647  0.418495 
1124    0.739444  0.697213  0.645626  0.586831  0.52547  0.467741  0.418542 
1125    0.739699  0.697468  0.645866  0.587036  0.525623  0.467835  0.418589 
1126    0.739953  0.697723  0.646106  0.587242  0.525776  0.46793  0.418636 
1127    0.740208  0.697977  0.646346  0.587447  0.525929  0.468024  0.418682 
1128    0.740418  0.69819  0.646549  0.587624  0.526062  0.468107  0.418723 
1129    0.740627  0.698403  0.646753  0.5878  0.526195  0.46819  0.418764 
1130    0.740837  0.698615  0.646956  0.587977  0.526328  0.468273  0.418805 
1131    0.741046  0.698828  0.647159  0.588153  0.526461  0.468356  0.418846 
1132    0.741255  0.69904  0.647363  0.58833  0.526594  0.468438  0.418887 
1133    0.741464  0.699252  0.647566  0.588506  0.526727  0.468521  0.418928 
1134    0.741673  0.699464  0.647769  0.588683  0.52686  0.468604  0.418969 
1135    0.741881  0.699676  0.647972  0.588859  0.526993  0.468687  0.41901 
1136    0.742089  0.699888  0.648174  0.589036  0.527127  0.46877  0.419051 
1137    0.742297  0.700099  0.648377  0.589212  0.52726  0.468853  0.419092 
1138    0.742505  0.70031  0.64858  0.589388  0.527393  0.468936  0.419132 
1139    0.742713  0.700522  0.648782  0.589565  0.527526  0.469019  0.419173 
1140    0.74292  0.700733  0.648984  0.589741  0.527659  0.469102  0.419214 
1141    0.743127  0.700943  0.649187  0.589917  0.527792  0.469185  0.419255 
1142    0.743334  0.701154  0.649389  0.590093  0.527926  0.469268  0.419296 
1143    0.743541  0.701365  0.649591  0.59027  0.528059  0.469351  0.419337 
1144    0.743748  0.701575  0.649793  0.590446  0.528192  0.469434  0.419378 
1145    0.743954  0.701785  0.649995  0.590622  0.528325  0.469517  0.419419 
1146    0.74416  0.701995  0.650197  0.590798  0.528458  0.4696  0.41946 
1147    0.744366  0.702205  0.650398  0.590974  0.528592  0.469683  0.419501 
1148    0.744572  0.702415  0.6506  0.59115  0.528725  0.469766  0.419542 
1149    0.744777  0.702624  0.650802  0.591326  0.528858  0.469849  0.419583 
1150    0.744983  0.702834  0.651003  0.591502  0.528991  0.469932  0.419624 
1151    0.745188  0.703043  0.651204  0.591678  0.529125  0.470015  0.419665 
1152    0.745393  0.703252  0.651405  0.591854  0.529258  0.470098  0.419706 
1153    0.745598  0.703461  0.651607  0.59203  0.529391  0.470182  0.419746 
1154    0.745802  0.70367  0.651808  0.592205  0.529525  0.470265  0.419787 
1155    0.746006  0.703878  0.652008  0.592381  0.529658  0.470348  0.419828 
1156    0.74621  0.704087  0.652209  0.592557  0.529791  0.470431  0.419869 
1157    0.746414  0.704295  0.65241  0.592733  0.529924  0.470515  0.41991 
1158    0.746618  0.704503  0.652611  0.592908  0.530058  0.470598  0.419951 
1159    0.746822  0.704711  0.652811  0.593084  0.530191  0.470681  0.419992 
1160    0.747025  0.704919  0.653012  0.59326  0.530325  0.470764  0.420033 
1161    0.747228  0.705126  0.653212  0.593435  0.530458  0.470848  0.420074 
1162    0.747431  0.705334  0.653412  0.593611  0.530591  0.470931  0.420115 
1163    0.747633  0.705541  0.653612  0.593786  0.530725  0.471014  0.420156 
1164    0.747836  0.705748  0.653812  0.593962  0.530858  0.471098  0.420197 
1165    0.748038  0.705955  0.654012  0.594137  0.530991  0.471181  0.420238 
1166    0.74824  0.706162  0.654212  0.594312  0.531125  0.471265  0.420279 
1167    0.748442  0.706369  0.654412  0.594488  0.531258  0.471348  0.42032 
1168    0.748644  0.706575  0.654611  0.594663  0.531392  0.471431  0.420361 
1169    0.748845  0.706781  0.654811  0.594838  0.531525  0.471515  0.420402 
1170    0.749046  0.706988  0.65501  0.595014  0.531659  0.471598  0.420443 
1171    0.749247  0.707194  0.655209  0.595189  0.531792  0.471682  0.420484 
1172    0.749448  0.707399  0.655409  0.595364  0.531926  0.471765  0.420525 
1173    0.749649  0.707605  0.655608  0.595539  0.532059  0.471849  0.420566 
1174    0.749849  0.707811  0.655807  0.595714  0.532192  0.471933  0.420607 
1175    0.75005  0.708016  0.656006  0.595889  0.532326  0.472016  0.420648 
1176    0.75025  0.708221  0.656204  0.596064  0.532459  0.4721  0.420689 
1177    0.750449  0.708426  0.656403  0.596239  0.532593  0.472183  0.42073 
1178    0.750649  0.708631  0.656602  0.596414  0.532726  0.472267  0.420771 
1179    0.750848  0.708836  0.6568  0.596589  0.53286  0.472351  0.420812 
1180    0.751048  0.70904  0.656999  0.596764  0.532993  0.472434  0.420853 
1181    0.751247  0.709245  0.657197  0.596939  0.533127  0.472518  0.420894 
1182    0.751445  0.709449  0.657395  0.597114  0.533261  0.472602  0.420935 
1183    0.751644  0.709653  0.657593  0.597288  0.533394  0.472685  0.420976 
1184    0.751842  0.709857  0.657791  0.597463  0.533528  0.472769  0.421017 
1185    0.752041  0.710061  0.657989  0.597638  0.533661  0.472853  0.421058 
1186    0.752239  0.710264  0.658187  0.597813  0.533795  0.472936  0.421099 
1187    0.752436  0.710468  0.658385  0.597987  0.533928  0.47302  0.42114 
1188    0.752634  0.710671  0.658582  0.598162  0.534062  0.473104  0.421181 
1189    0.752831  0.710874  0.65878  0.598336  0.534196  0.473188  0.421222 
1190    0.753029  0.711077  0.658977  0.598511  0.534329  0.473272  0.421263 
1191    0.753226  0.71128  0.659174  0.598685  0.534463  0.473355  0.421304 
1192    0.753422  0.711482  0.659371  0.59886  0.534596  0.473439  0.421346 
1193    0.753619  0.711685  0.659569  0.599034  0.53473  0.473523  0.421387 
1194    0.753815  0.711887  0.659765  0.599208  0.534864  0.473607  0.421428 
1195    0.754012  0.712089  0.659962  0.599383  0.534997  0.473691  0.421469 
1196    0.754208  0.712291  0.660159  0.599557  0.535131  0.473775  0.42151 
1197    0.754403  0.712493  0.660356  0.599731  0.535264  0.473859  0.421551 
1198    0.754599  0.712695  0.660552  0.599905  0.535398  0.473943  0.421592 
1199    0.754794  0.712896  0.660749  0.600079  0.535532  0.474027  0.421633 
1200    0.75499  0.713098  0.660945  0.600254  0.535665  0.474111  0.421674 
