400   0.485625 0.27669
401   0.483538 0.283993
402   0.481439 0.291459
403   0.479462 0.298261
404   0.47761 0.304349
405   0.475747 0.310538
406   0.473882 0.315437
407   0.472007 0.320046
408   0.47016 0.324887
409   0.468464 0.330509
410   0.466759 0.336209
411   0.465112 0.341866
412   0.463525 0.347474
413   0.46193 0.353153
414   0.460412 0.357739
415   0.458923 0.361865
416   0.457427 0.366025
417   0.455999 0.369621
418   0.454572 0.373174
419   0.453147 0.376848
420   0.451797 0.381424
421   0.450442 0.386041
422   0.449109 0.390703
423   0.447838 0.395419
424   0.446562 0.400175
425   0.445299 0.404201
426   0.444059 0.407092
427   0.442813 0.409996
428   0.44162 0.412945
429   0.440479 0.41594
430   0.439334 0.418948
431   0.438197 0.421959
432   0.437069 0.424974
433   0.435937 0.428001
434   0.434865 0.430039
435   0.433853 0.43108
436   0.432839 0.432122
437   0.431818 0.434401
438   0.430792 0.438546
439   0.429763 0.442716
440   0.428751 0.446392
441   0.427781 0.448871
442   0.426808 0.451356
443   0.425851 0.454112
444   0.424965 0.457936
445   0.424077 0.461778
446   0.423187 0.465639
447   0.422293 0.466584
448   0.421397 0.467531
449   0.420497 0.46848
450   0.419636 0.471998
451   0.418783 0.476179
452   0.417928 0.48038
453   0.417094 0.483133
454   0.416281 0.484421
455   0.415465 0.485711
456   0.414658 0.486952
457   0.413888 0.48799
458   0.413116 0.48903
459   0.412342 0.49007
460   0.411607 0.490756
461   0.410881 0.491354
462   0.410154 0.491953
463   0.409425 0.492401
464   0.408694 0.49262
465   0.407961 0.492841
466   0.407227 0.493065
467   0.406555 0.496206
468   0.405889 0.499682
469   0.405222 0.503171
470   0.40455 0.50557
471   0.403872 0.506322
472   0.403191 0.507075
473   0.40251 0.50783
474   0.401903 0.512999
475   0.401316 0.519319
476   0.400731 0.525689
477   0.400146 0.531456
478   0.399549 0.531348
479   0.398952 0.531244
480   0.398353 0.531142
481   0.397757 0.53219
482   0.397164 0.534961
483   0.396571 0.537737
484   0.395977 0.540518
485   0.395413 0.542312
486   0.394862 0.543682
487   0.39431 0.545052
488   0.393758 0.546422
489   0.393218 0.547431
490   0.39268 0.5484
491   0.39214 0.549369
492   0.3916 0.550337
493   0.39108 0.551655
494   0.390558 0.552973
495   0.390036 0.554291
496   0.389518 0.555532
497   0.389032 0.556079
498   0.388546 0.556626
499   0.38806 0.557174
500   0.387575 0.557842
501   0.387116 0.559586
502   0.386655 0.561329
503   0.386194 0.563074
504   0.385733 0.564818
505   0.385259 0.564299
506   0.384784 0.563785
507   0.384308 0.563275
508   0.383832 0.562769
509   0.383392 0.564994
510   0.382955 0.567525
511   0.382519 0.570059
512   0.382082 0.572595
513   0.381657 0.573688
514   0.381237 0.574161
515   0.380817 0.574635
516   0.380396 0.575109
517   0.379982 0.575842
518   0.379578 0.576962
519   0.379175 0.578082
520   0.37877 0.579202
521   0.378367 0.5803
522   0.377981 0.581213
523   0.377594 0.582125
524   0.377206 0.583037
525   0.376819 0.583949
526   0.37644 0.585516
527   0.376068 0.587521
528   0.375696 0.589526
529   0.375324 0.591532
530   0.37495 0.593348
531   0.374562 0.593456
532   0.374174 0.593565
533   0.373785 0.593675
534   0.373396 0.593787
535   0.373041 0.593785
536   0.372707 0.593707
537   0.372374 0.593632
538   0.37204 0.593558
539   0.371705 0.593485
540   0.371368 0.594362
541   0.371029 0.595343
542   0.370691 0.596324
543   0.370352 0.597304
544   0.370014 0.598161
545   0.369684 0.598532
546   0.369353 0.598903
547   0.369021 0.599275
548   0.36869 0.599646
549   0.368366 0.600696
550   0.368055 0.602765
551   0.367744 0.604834
552   0.367432 0.606903
553   0.367121 0.608973
554   0.366816 0.60975
555   0.366516 0.609235
556   0.366217 0.608723
557   0.365917 0.608215
558   0.365617 0.60771
559   0.365326 0.608027
560   0.365046 0.609162
561   0.364765 0.610296
562   0.364485 0.611429
563   0.364204 0.612561
564   0.363916 0.61326
565   0.363619 0.613314
566   0.363321 0.613368
567   0.363023 0.613424
568   0.362725 0.61348
569   0.362441 0.613762
570   0.362187 0.614568
571   0.361934 0.615373
572   0.361681 0.616177
573   0.361427 0.616981
574   0.361173 0.617783
575   0.360906 0.61846
576   0.360639 0.619136
577   0.360372 0.619812
578   0.360105 0.620487
579   0.359838 0.621161
580   0.359582 0.621365
581   0.359333 0.621258
582   0.359084 0.621152
583   0.358836 0.621047
584   0.358587 0.620943
585   0.358339 0.620915
586   0.358098 0.621183
587   0.357857 0.621451
588   0.357615 0.62172
589   0.357374 0.621988
590   0.357132 0.622256
591   0.356902 0.622726
592   0.35668 0.62333
593   0.356459 0.623933
594   0.356237 0.624535
595   0.356015 0.625137
596   0.355792 0.625738
597   0.355574 0.626224
598   0.355355 0.626698
599   0.355137 0.627171
600   0.354918 0.627644
601   0.3547 0.628117
602   0.354483 0.628563
603   0.354285 0.628784
604   0.354086 0.629005
605   0.353888 0.629226
606   0.353689 0.629447
607   0.35349 0.629668
608   0.353289 0.629914
609   0.353077 0.630258
610   0.352864 0.630602
611   0.352652 0.630946
612   0.352439 0.63129
613   0.352227 0.631634
614   0.352018 0.631994
615   0.351824 0.632425
616   0.351631 0.632855
617   0.351437 0.633284
618   0.351243 0.633714
619   0.351049 0.634142
620   0.350855 0.63455
621   0.350651 0.634772
622   0.350448 0.634994
623   0.350245 0.635215
624   0.350041 0.635437
625   0.349838 0.63566
626   0.349634 0.635882
627   0.349457 0.636321
628   0.349286 0.636815
629   0.349116 0.637308
630   0.348945 0.637801
631   0.348775 0.638292
632   0.348604 0.638783
633   0.348428 0.639197
634   0.348245 0.639496
635   0.348062 0.639794
636   0.347879 0.640092
637   0.347695 0.64039
638   0.347512 0.640687
639   0.347328 0.640985
640   0.347149 0.641275
641   0.346971 0.641563
642   0.346793 0.641852
643   0.346614 0.64214
644   0.346436 0.642429
645   0.346257 0.642717
646   0.346082 0.643001
647   0.34592 0.64327
648   0.345759 0.643539
649   0.345597 0.643808
650   0.345436 0.644076
651   0.345274 0.644345
652   0.345112 0.644613
653   0.344957 0.644837
654   0.344812 0.644995
655   0.344667 0.645154
656   0.344522 0.645312
657   0.344377 0.64547
658   0.344231 0.645628
659   0.344086 0.645787
660   0.343936 0.645994
661   0.34378 0.646251
662   0.343625 0.646507
663   0.343469 0.646763
664   0.343313 0.647019
665   0.343157 0.647275
666   0.343002 0.64753
667   0.342847 0.647785
668   0.342693 0.648036
669   0.342539 0.648288
670   0.342385 0.64854
671   0.342231 0.648791
672   0.342077 0.649042
673   0.341923 0.649293
674   0.341772 0.64954
675   0.341636 0.649771
676   0.341499 0.650002
677   0.341363 0.650232
678   0.341226 0.650462
679   0.341089 0.650692
680   0.340953 0.650922
681   0.340816 0.651152
682   0.340693 0.651302
683   0.340573 0.651432
684   0.340453 0.651562
685   0.340333 0.651692
686   0.340213 0.651822
687   0.340093 0.651952
688   0.339973 0.652082
689   0.339854 0.652212
690   0.339735 0.65234
691   0.339617 0.652469
692   0.339498 0.652597
693   0.339379 0.652726
694   0.339261 0.652855
695   0.339142 0.652983
696   0.339023 0.653112
697   0.338907 0.653276
698   0.338792 0.653475
699   0.338678 0.653674
700   0.338563 0.653873
701   0.338449 0.654072
702   0.338334 0.65427
703   0.338219 0.654469
704   0.338105 0.654667
705   0.337984 0.65487
706   0.337859 0.655078
707   0.337733 0.655286
708   0.337607 0.655493
709   0.337481 0.655701
710   0.337355 0.655908
711   0.337228 0.656116
712   0.337102 0.656323
713   0.336992 0.656485
714   0.336905 0.656581
715   0.336817 0.656676
716   0.33673 0.656771
717   0.336643 0.656867
718   0.336555 0.656962
719   0.336468 0.657058
720   0.336381 0.657153
721   0.336289 0.657267
722   0.336181 0.657451
723   0.336072 0.657636
724   0.335964 0.657821
725   0.335855 0.658005
726   0.335747 0.65819
727   0.335638 0.658374
728   0.335529 0.658558
729   0.335421 0.658742
730   0.33533 0.65886
731   0.335248 0.65895
732   0.335165 0.659039
733   0.335083 0.659129
734   0.335 0.659219
735   0.334917 0.659309
736   0.334835 0.659398
737   0.334752 0.659488
738   0.334669 0.659578
739   0.334565 0.659753
740   0.334461 0.659928
741   0.334357 0.660103
742   0.334253 0.660278
743   0.334149 0.660452
744   0.334045 0.660627
745   0.333941 0.660801
746   0.333837 0.660975
747   0.333734 0.661141
748   0.333643 0.661238
749   0.333553 0.661335
750   0.333462 0.661432
751   0.333371 0.661528
752   0.333281 0.661625
753   0.33319 0.661722
754   0.333099 0.661819
755   0.333009 0.661915
756   0.332918 0.662012
757   0.33284 0.662156
758   0.332762 0.6623
759   0.332684 0.662444
760   0.332607 0.662588
761   0.332529 0.662731
762   0.332451 0.662875
763   0.332373 0.663018
764   0.332295 0.663161
765   0.332217 0.663304
766   0.332141 0.663404
767   0.332066 0.663484
768   0.33199 0.663565
769   0.331915 0.663646
770   0.331839 0.663727
771   0.331764 0.663807
772   0.331688 0.663888
773   0.331613 0.663969
774   0.331537 0.66405
775   0.33146 0.664138
776   0.331364 0.664294
777   0.331269 0.66445
778   0.331174 0.664606
779   0.331079 0.664762
780   0.330983 0.664918
781   0.330888 0.665074
782   0.330792 0.665229
783   0.330697 0.665385
784   0.330602 0.66554
785   0.33051 0.665675
786   0.330428 0.665761
787   0.330346 0.665848
788   0.330263 0.665935
789   0.330181 0.666021
790   0.330098 0.666108
791   0.330016 0.666195
792   0.329934 0.666282
793   0.329851 0.666368
794   0.329769 0.666455
795   0.329685 0.666554
796   0.329594 0.666701
797   0.329503 0.666848
798   0.329412 0.666996
799   0.32932 0.667143
800   0.329229 0.667289
