300    0.162691  0.162691 
305    0.12698  0.12698 
310    0.0899301  0.0899301 
315    0.0607346  0.0607346 
320    0.0935319  0.0935319 
325    0.204884  0.204884 
330    0.388141  0.388141 
335    0.553554  0.553554 
340    0.638794  0.638794 
345    0.694837  0.694837 
350    0.733698  0.733698 
355    0.767693  0.767693 
360    0.792499  0.792499 
365    0.813845  0.813845 
370    0.812352  0.812352 
375    0.811003  0.811003 
380    0.820625  0.820625 
385    0.831369  0.831369 
390    0.842841  0.842841 
395    0.85497  0.85497 
400    0.866369  0.866369 
405    0.872245  0.872245 
410    0.877783  0.877783 
415    0.883777  0.883777 
420    0.89089  0.89089 
425    0.897607  0.897607 
430    0.902678  0.902678 
435    0.906261  0.906261 
440    0.909683  0.909683 
445    0.913724  0.913724 
450    0.918524  0.918524 
455    0.923084  0.923084 
460    0.927346  0.927346 
465    0.93104  0.93104 
470    0.934565  0.934565 
475    0.93793  0.93793 
480    0.940296  0.940296 
485    0.942057  0.942057 
490    0.943752  0.943752 
495    0.945384  0.945384 
500    0.946882  0.946882 
505    0.948307  0.948307 
510    0.949678  0.949678 
515    0.950998  0.950998 
520    0.952214  0.952214 
525    0.953364  0.953364 
530    0.954476  0.954476 
535    0.955552  0.955552 
540    0.956692  0.956692 
545    0.958236  0.958236 
550    0.959726  0.959726 
555    0.961162  0.961162 
560    0.962549  0.962549 
565    0.963711  0.963711 
570    0.964389  0.964389 
575    0.965049  0.965049 
580    0.96569  0.96569 
585    0.966313  0.966313 
590    0.96692  0.96692 
595    0.967116  0.967116 
600    0.967277  0.967277 
605    0.967439  0.967439 
610    0.9676  0.9676 
615    0.967761  0.967761 
620    0.967925  0.967925 
625    0.96822  0.96822 
630    0.968511  0.968511 
635    0.968797  0.968797 
640    0.969078  0.969078 
645    0.969354  0.969354 
650    0.969626  0.969626 
655    0.970025  0.970025 
660    0.970554  0.970554 
665    0.971069  0.971069 
670    0.971571  0.971571 
675    0.972061  0.972061 
680    0.972538  0.972538 
685    0.973004  0.973004 
690    0.973406  0.973406 
695    0.973635  0.973635 
700    0.97386  0.97386 
705    0.974082  0.974082 
710    0.9743  0.9743 
715    0.974515  0.974515 
720    0.974726  0.974726 
725    0.974935  0.974935 
730    0.975177  0.975177 
735    0.975641  0.975641 
740    0.976095  0.976095 
745    0.976538  0.976538 
750    0.97697  0.97697 
755    0.977393  0.977393 
760    0.977806  0.977806 
765    0.97821  0.97821 
770    0.978604  0.978604 
775    0.978988  0.978988 
780    0.979268  0.979268 
785    0.979543  0.979543 
790    0.979812  0.979812 
795    0.980075  0.980075 
800    0.980334  0.980334 
805    0.980587  0.980587 
810    0.980835  0.980835 
815    0.981078  0.981078 
820    0.981316  0.981316 
825    0.981549  0.981549 
830    0.981659  0.981659 
835    0.981712  0.981712 
840    0.981766  0.981766 
845    0.981819  0.981819 
850    0.981873  0.981873 
855    0.981927  0.981927 
860    0.981982  0.981982 
865    0.982036  0.982036 
870    0.98209  0.98209 
875    0.982145  0.982145 
880    0.9822  0.9822 
885    0.982254  0.982254 
890    0.982197  0.982197 
895    0.982126  0.982126 
900    0.982059  0.982059 
905    0.981994  0.981994 
910    0.981931  0.981931 
915    0.981871  0.981871 
920    0.981814  0.981814 
925    0.981759  0.981759 
930    0.981707  0.981707 
935    0.981656  0.981656 
940    0.981608  0.981608 
945    0.981562  0.981562 
950    0.981518  0.981518 
955    0.981495  0.981495 
960    0.981529  0.981529 
965    0.981563  0.981563 
970    0.981597  0.981597 
975    0.981632  0.981632 
980    0.981666  0.981666 
985    0.981701  0.981701 
990    0.981737  0.981737 
995    0.981773  0.981773 
1000    0.981808  0.981808 
1005    0.981844  0.981844 
1010    0.981881  0.981881 
1015    0.981917  0.981917 
1020    0.981954  0.981954 
1025    0.981991  0.981991 
1030    0.982028  0.982028 
1035    0.982081  0.982081 
1040    0.982156  0.982156 
1045    0.982231  0.982231 
1050    0.982305  0.982305 
1055    0.982378  0.982378 
1060    0.982451  0.982451 
1065    0.982523  0.982523 
1070    0.982595  0.982595 
1075    0.982666  0.982666 
1080    0.982737  0.982737 
1085    0.982807  0.982807 
1090    0.982877  0.982877 
1095    0.982946  0.982946 
1100    0.983014  0.983014 
1105    0.983082  0.983082 
1110    0.98315  0.98315 
1115    0.983217  0.983217 
1120    0.983284  0.983284 
1125    0.98335  0.98335 
1130    0.983332  0.983332 
1135    0.983262  0.983262 
1140    0.983193  0.983193 
1145    0.983126  0.983126 
1150    0.983061  0.983061 
1155    0.982998  0.982998 
1160    0.982937  0.982937 
1165    0.982878  0.982878 
1170    0.982821  0.982821 
1175    0.982765  0.982765 
1180    0.982711  0.982711 
1185    0.982658  0.982658 
1190    0.982607  0.982607 
1195    0.982558  0.982558 
1200    0.98251  0.98251 
1205    0.982464  0.982464 
1210    0.982419  0.982419 
1215    0.982376  0.982376 
1220    0.982334  0.982334 
1225    0.982293  0.982293 
1230    0.982254  0.982254 
1235    0.982216  0.982216 
1240    0.982179  0.982179 
1245    0.981074  0.981074 
1250    0.979906  0.979906 
1255    0.978669  0.978669 
1260    0.977358  0.977358 
1265    0.975969  0.975969 
1270    0.976033  0.976033 
1275    0.976097  0.976097 
1280    0.97616  0.97616 
1285    0.976224  0.976224 
1290    0.976287  0.976287 
1295    0.978327  0.978327 
1300    0.980566  0.980566 
1305    0.982525  0.982525 
1310    0.980619  0.980619 
1315    0.978474  0.978474 
1320    0.976573  0.976573 
1325    0.976628  0.976628 
1330    0.976682  0.976682 
1335    0.976737  0.976737 
1340    0.976791  0.976791 
1345    0.976844  0.976844 
1350    0.976954  0.976954 
1355    0.977145  0.977145 
1360    0.977335  0.977335 
1365    0.977522  0.977522 
1370    0.977708  0.977708 
1375    0.977892  0.977892 
1380    0.981808  0.981808 
1385    0.981038  0.981038 
1390    0.980223  0.980223 
1395    0.979358  0.979358 
1400    0.978439  0.978439 
1405    0.977462  0.977462 
1410    0.976673  0.976673 
1415    0.97686  0.97686 
1420    0.977044  0.977044 
1425    0.977226  0.977226 
1430    0.977404  0.977404 
1435    0.97758  0.97758 
1440    0.977754  0.977754 
1445    0.978874  0.978874 
1450    0.980456  0.980456 
1455    0.981856  0.981856 
1460    0.982631  0.982631 
1465    0.981395  0.981395 
1470    0.98002  0.98002 
1475    0.978484  0.978484 
1480    0.978191  0.978191 
1485    0.978236  0.978236 
1490    0.978281  0.978281 
1495    0.978326  0.978326 
1500    0.978371  0.978371 
1505    0.978416  0.978416 
1510    0.97846  0.97846 
1515    0.978514  0.978514 
1520    0.978574  0.978574 
1525    0.978633  0.978633 
1530    0.978692  0.978692 
1535    0.978751  0.978751 
1540    0.97881  0.97881 
1545    0.978868  0.978868 
1550    0.978926  0.978926 
1555    0.982344  0.982344 
1560    0.98196  0.98196 
1565    0.981562  0.981562 
1570    0.981148  0.981148 
1575    0.980717  0.980717 
1580    0.980269  0.980269 
1585    0.979802  0.979802 
1590    0.979316  0.979316 
1595    0.979372  0.979372 
1600    0.979429  0.979429 
