400   0.485625 0.280074
401   0.483489 0.287265
402   0.481391 0.294852
403   0.479416 0.302049
404   0.477563 0.30843
405   0.475742 0.313976
406   0.473873 0.318747
407   0.471979 0.323182
408   0.470137 0.327907
409   0.468393 0.333302
410   0.466722 0.339139
411   0.465091 0.345095
412   0.463486 0.350889
413   0.461914 0.356282
414   0.460383 0.361053
415   0.458889 0.365213
416   0.457422 0.368923
417   0.455975 0.372366
418   0.454548 0.375809
419   0.453143 0.379554
420   0.451763 0.38381
421   0.450414 0.388494
422   0.449099 0.39346
423   0.447816 0.398471
424   0.446551 0.403128
425   0.445288 0.40701
426   0.444027 0.410049
427   0.44279 0.412646
428   0.4416 0.415232
429   0.440455 0.418054
430   0.439327 0.421166
431   0.438188 0.424599
432   0.437039 0.42805
433   0.435914 0.430868
434   0.434842 0.43242
435   0.433824 0.433008
436   0.432829 0.433874
437   0.431822 0.436273
438   0.430793 0.440393
439   0.429758 0.445013
440   0.428737 0.44879
441   0.427741 0.451225
442   0.426776 0.453296
443   0.425845 0.456133
444   0.424947 0.460203
445   0.424068 0.464454
446   0.423187 0.467598
447   0.422292 0.468804
448   0.42139 0.469151
449   0.420495 0.470197
450   0.419616 0.473252
451   0.418758 0.477776
452   0.417916 0.482384
453   0.417086 0.485695
454   0.416265 0.48736
455   0.415453 0.488087
456   0.414652 0.488637
457   0.413864 0.48951
458   0.413091 0.490617
459   0.412336 0.491796
460   0.4116 0.492881
461   0.410877 0.493706
462   0.410154 0.494103
463   0.409422 0.49392
464   0.408679 0.493417
465   0.407941 0.493384
466   0.407224 0.494643
467   0.40654 0.497754
468   0.405879 0.501833
469   0.405222 0.50549
470   0.40455 0.507346
471   0.403859 0.507367
472   0.40317 0.507277
473   0.402502 0.508908
474   0.401875 0.513765
475   0.401285 0.520866
476   0.400716 0.528051
477   0.400148 0.533068
478   0.399563 0.534521
479   0.398964 0.533734
480   0.398358 0.532542
481   0.397751 0.532733
482   0.397148 0.534918
483   0.396553 0.538213
484   0.395971 0.541624
485   0.395402 0.544224
486   0.394846 0.545867
487   0.394299 0.546882
488   0.393757 0.547603
489   0.393215 0.548332
490   0.392674 0.549179
491   0.392135 0.550193
492   0.3916 0.551421
493   0.391069 0.552866
494   0.390543 0.554353
495   0.390025 0.555662
496   0.389515 0.556573
497   0.389015 0.557
498   0.388525 0.557261
499   0.388045 0.557745
500   0.387575 0.55884
501   0.387113 0.560715
502   0.386656 0.562892
503   0.386198 0.564771
504   0.385733 0.565749
505   0.385258 0.565458
506   0.384778 0.564475
507   0.3843 0.563604
508   0.383831 0.563638
509   0.383376 0.565182
510   0.382935 0.567842
511   0.382503 0.570885
512   0.382078 0.573575
513   0.381654 0.575234
514   0.381231 0.575897
515   0.38081 0.576018
516   0.380392 0.576058
517   0.379978 0.576467
518   0.379569 0.577403
519   0.379165 0.578647
520   0.378764 0.579958
521   0.378366 0.581092
522   0.377972 0.581912
523   0.377581 0.582593
524   0.377194 0.583369
525   0.376814 0.58447
526   0.37644 0.58611
527   0.376071 0.588206
528   0.375703 0.590444
529   0.375331 0.592505
530   0.37495 0.594067
531   0.374558 0.59492
532   0.374162 0.595181
533   0.373769 0.595028
534   0.373388 0.594641
535   0.373026 0.594194
536   0.372684 0.593817
537   0.372354 0.593608
538   0.37203 0.593663
539   0.371705 0.594077
540   0.371373 0.594909
541   0.371036 0.59601
542   0.370695 0.597166
543   0.370353 0.598161
544   0.370013 0.59878
545   0.369675 0.598959
546   0.36934 0.59897
547   0.36901 0.599129
548   0.368684 0.59975
549   0.368363 0.601137
550   0.368047 0.60328
551   0.367734 0.605758
552   0.367426 0.60812
553   0.367119 0.609912
554   0.366812 0.610697
555   0.366506 0.610471
556   0.366203 0.609661
557   0.365903 0.608711
558   0.36561 0.608058
559   0.365325 0.60812
560   0.365046 0.608957
561   0.364769 0.61027
562   0.364492 0.611748
563   0.364209 0.613079
564   0.363917 0.613956
565   0.363616 0.614289
566   0.363311 0.614261
567   0.363009 0.614078
568   0.362714 0.613941
569   0.362434 0.614051
570   0.36217 0.614505
571   0.361918 0.615233
572   0.361671 0.616147
573   0.361424 0.617161
574   0.361173 0.618189
575   0.360913 0.619154
576   0.360646 0.620018
577   0.360375 0.620749
578   0.360104 0.621321
579   0.359836 0.621702
580   0.359575 0.621867
581   0.359321 0.621846
582   0.359072 0.621705
583   0.358826 0.621513
584   0.358583 0.621341
585   0.358339 0.621254
586   0.358094 0.621298
587   0.357849 0.621466
588   0.357605 0.621742
589   0.357365 0.622112
590   0.357128 0.622562
591   0.356897 0.623078
592   0.356672 0.623645
593   0.35645 0.624246
594   0.356231 0.624865
595   0.356012 0.625487
596   0.355792 0.626094
597   0.355571 0.626674
598   0.355348 0.627216
599   0.355126 0.627716
600   0.354906 0.628167
601   0.354691 0.628564
602   0.354482 0.6289
603   0.35428 0.629176
604   0.354082 0.629406
605   0.353887 0.629607
606   0.353692 0.629798
607   0.353494 0.629995
608   0.35329 0.630218
609   0.35308 0.630476
610   0.352865 0.630772
611   0.352649 0.631105
612   0.352434 0.631472
613   0.352222 0.631874
614   0.352016 0.632308
615   0.351818 0.63277
616   0.351625 0.633241
617   0.351435 0.633702
618   0.351245 0.634135
619   0.351052 0.63452
620   0.350855 0.634839
621   0.350651 0.635084
622   0.350444 0.635278
623   0.350235 0.635451
624   0.350028 0.635633
625   0.349825 0.635853
626   0.349631 0.636139
627   0.349446 0.636516
628   0.349271 0.636973
629   0.349101 0.637482
630   0.348935 0.638015
631   0.348771 0.638545
632   0.348604 0.639045
633   0.348432 0.639488
634   0.348255 0.639865
635   0.348074 0.640188
636   0.347889 0.640471
637   0.347702 0.640728
638   0.347515 0.640972
639   0.347328 0.641217
640   0.347144 0.641474
641   0.346961 0.641745
642   0.34678 0.642027
643   0.346602 0.642318
644   0.346426 0.642616
645   0.346252 0.642917
646   0.34608 0.64322
647   0.345911 0.643522
648   0.345744 0.643818
649   0.345579 0.644103
650   0.345418 0.644373
651   0.34526 0.644624
652   0.345106 0.64485
653   0.344955 0.645048
654   0.344808 0.645218
655   0.344663 0.64537
656   0.34452 0.645512
657   0.344377 0.645653
658   0.344233 0.645803
659   0.344087 0.64597
660   0.343939 0.646163
661   0.343788 0.646383
662   0.343634 0.646626
663   0.343478 0.646885
664   0.34332 0.647155
665   0.343162 0.64743
666   0.343003 0.647705
667   0.342845 0.647973
668   0.342687 0.648234
669   0.34253 0.648487
670   0.342374 0.648735
671   0.34222 0.64898
672   0.342068 0.649224
673   0.341918 0.649467
674   0.34177 0.649713
675   0.341625 0.649961
676   0.341483 0.650208
677   0.341343 0.650451
678   0.341207 0.650687
679   0.341073 0.650912
680   0.340942 0.651123
681   0.340814 0.651318
682   0.340689 0.651492
683   0.340566 0.651648
684   0.340445 0.651788
685   0.340326 0.651915
686   0.340208 0.652034
687   0.34009 0.652146
688   0.339972 0.652254
689   0.339854 0.652363
690   0.339734 0.652473
691   0.339614 0.652587
692   0.339494 0.652706
693   0.339374 0.652831
694   0.339255 0.652962
695   0.339137 0.653102
696   0.339021 0.653251
697   0.338907 0.65341
698   0.338795 0.65358
699   0.338684 0.65376
700   0.338573 0.65395
701   0.338461 0.654149
702   0.338347 0.654355
703   0.33823 0.65457
704   0.33811 0.654792
705   0.337984 0.655021
706   0.337854 0.655254
707   0.337721 0.655487
708   0.337588 0.655715
709   0.337457 0.655933
710   0.337329 0.656138
711   0.337206 0.656325
712   0.337091 0.656489
713   0.336986 0.656626
714   0.336889 0.656736
715   0.336801 0.656827
716   0.336717 0.656906
717   0.336636 0.656981
718   0.336555 0.657059
719   0.336472 0.657147
720   0.336385 0.657253
721   0.336292 0.657384
722   0.33619 0.657543
723   0.336082 0.657725
724   0.335971 0.657921
725   0.335856 0.658125
726   0.335742 0.658328
727   0.33563 0.658525
728   0.335521 0.658707
729   0.335418 0.658868
730   0.335322 0.659
731   0.335234 0.659106
732   0.335151 0.659193
733   0.335071 0.659268
734   0.334994 0.659336
735   0.334917 0.659406
736   0.334838 0.659484
737   0.334756 0.659576
738   0.334669 0.65969
739   0.334577 0.65983
740   0.334478 0.659992
741   0.334375 0.66017
742   0.334269 0.660358
743   0.334161 0.66055
744   0.334053 0.660741
745   0.333944 0.660925
746   0.333837 0.661095
747   0.333733 0.661246
748   0.333632 0.661374
749   0.333534 0.661484
750   0.333439 0.661579
751   0.333347 0.661664
752   0.333258 0.661744
753   0.33317 0.661825
754   0.333085 0.661909
755   0.333001 0.662003
756   0.332918 0.662111
757   0.332836 0.662236
758   0.332755 0.662375
759   0.332674 0.662524
760   0.332595 0.662679
761   0.332517 0.662836
762   0.33244 0.662991
763   0.332364 0.663139
764   0.332289 0.663277
765   0.332216 0.663401
766   0.332143 0.663506
767   0.332072 0.663595
768   0.332001 0.663671
769   0.331929 0.663739
770   0.331857 0.663804
771   0.331783 0.663869
772   0.331707 0.663939
773   0.331628 0.664018
774   0.331546 0.66411
775   0.33146 0.66422
776   0.33137 0.66435
777   0.331277 0.664497
778   0.331181 0.664656
779   0.331084 0.664823
780   0.330985 0.664994
781   0.330886 0.665165
782   0.330789 0.665331
783   0.330692 0.665488
784   0.330599 0.665632
785   0.330508 0.665759
786   0.330421 0.665868
787   0.330337 0.665961
788   0.330255 0.666043
789   0.330175 0.666118
790   0.330096 0.666189
791   0.330017 0.66626
792   0.329937 0.666335
793   0.329855 0.666418
794   0.329772 0.666512
795   0.329685 0.666621
796   0.329596 0.666748
797   0.329504 0.666888
798   0.32941 0.667039
799   0.329316 0.667197
800   0.329221 0.667357
400   0.485625 0.280074
401   0.483489 0.287265
402   0.481391 0.294852
403   0.479416 0.302049
404   0.477563 0.30843
405   0.475742 0.313976
406   0.473873 0.318747
407   0.471979 0.323182
408   0.470137 0.327907
409   0.468393 0.333302
410   0.466722 0.339139
411   0.465091 0.345095
412   0.463486 0.350889
413   0.461914 0.356282
414   0.460383 0.361053
415   0.458889 0.365213
416   0.457422 0.368923
417   0.455975 0.372366
418   0.454548 0.375809
419   0.453143 0.379554
420   0.451763 0.38381
421   0.450414 0.388494
422   0.449099 0.39346
423   0.447816 0.398471
424   0.446551 0.403128
425   0.445288 0.40701
426   0.444027 0.410049
427   0.44279 0.412646
428   0.4416 0.415232
429   0.440455 0.418054
430   0.439327 0.421166
431   0.438188 0.424599
432   0.437039 0.42805
433   0.435914 0.430868
434   0.434842 0.43242
435   0.433824 0.433008
436   0.432829 0.433874
437   0.431822 0.436273
438   0.430793 0.440393
439   0.429758 0.445013
440   0.428737 0.44879
441   0.427741 0.451225
442   0.426776 0.453296
443   0.425845 0.456133
444   0.424947 0.460203
445   0.424068 0.464454
446   0.423187 0.467598
447   0.422292 0.468804
448   0.42139 0.469151
449   0.420495 0.470197
450   0.419616 0.473252
451   0.418758 0.477776
452   0.417916 0.482384
453   0.417086 0.485695
454   0.416265 0.48736
455   0.415453 0.488087
456   0.414652 0.488637
457   0.413864 0.48951
458   0.413091 0.490617
459   0.412336 0.491796
460   0.4116 0.492881
461   0.410877 0.493706
462   0.410154 0.494103
463   0.409422 0.49392
464   0.408679 0.493417
465   0.407941 0.493384
466   0.407224 0.494643
467   0.40654 0.497754
468   0.405879 0.501833
469   0.405222 0.50549
470   0.40455 0.507346
471   0.403859 0.507367
472   0.40317 0.507277
473   0.402502 0.508908
474   0.401875 0.513765
475   0.401285 0.520866
476   0.400716 0.528051
477   0.400148 0.533068
478   0.399563 0.534521
479   0.398964 0.533734
480   0.398358 0.532542
481   0.397751 0.532733
482   0.397148 0.534918
483   0.396553 0.538213
484   0.395971 0.541624
485   0.395402 0.544224
486   0.394846 0.545867
487   0.394299 0.546882
488   0.393757 0.547603
489   0.393215 0.548332
490   0.392674 0.549179
491   0.392135 0.550193
492   0.3916 0.551421
493   0.391069 0.552866
494   0.390543 0.554353
495   0.390025 0.555662
496   0.389515 0.556573
497   0.389015 0.557
498   0.388525 0.557261
499   0.388045 0.557745
500   0.387575 0.55884
501   0.387113 0.560715
502   0.386656 0.562892
503   0.386198 0.564771
504   0.385733 0.565749
505   0.385258 0.565458
506   0.384778 0.564475
507   0.3843 0.563604
508   0.383831 0.563638
509   0.383376 0.565182
510   0.382935 0.567842
511   0.382503 0.570885
512   0.382078 0.573575
513   0.381654 0.575234
514   0.381231 0.575897
515   0.38081 0.576018
516   0.380392 0.576058
517   0.379978 0.576467
518   0.379569 0.577403
519   0.379165 0.578647
520   0.378764 0.579958
521   0.378366 0.581092
522   0.377972 0.581912
523   0.377581 0.582593
524   0.377194 0.583369
525   0.376814 0.58447
526   0.37644 0.58611
527   0.376071 0.588206
528   0.375703 0.590444
529   0.375331 0.592505
530   0.37495 0.594067
531   0.374558 0.59492
532   0.374162 0.595181
533   0.373769 0.595028
534   0.373388 0.594641
535   0.373026 0.594194
536   0.372684 0.593817
537   0.372354 0.593608
538   0.37203 0.593663
539   0.371705 0.594077
540   0.371373 0.594909
541   0.371036 0.59601
542   0.370695 0.597166
543   0.370353 0.598161
544   0.370013 0.59878
545   0.369675 0.598959
546   0.36934 0.59897
547   0.36901 0.599129
548   0.368684 0.59975
549   0.368363 0.601137
550   0.368047 0.60328
551   0.367734 0.605758
552   0.367426 0.60812
553   0.367119 0.609912
554   0.366812 0.610697
555   0.366506 0.610471
556   0.366203 0.609661
557   0.365903 0.608711
558   0.36561 0.608058
559   0.365325 0.60812
560   0.365046 0.608957
561   0.364769 0.61027
562   0.364492 0.611748
563   0.364209 0.613079
564   0.363917 0.613956
565   0.363616 0.614289
566   0.363311 0.614261
567   0.363009 0.614078
568   0.362714 0.613941
569   0.362434 0.614051
570   0.36217 0.614505
571   0.361918 0.615233
572   0.361671 0.616147
573   0.361424 0.617161
574   0.361173 0.618189
575   0.360913 0.619154
576   0.360646 0.620018
577   0.360375 0.620749
578   0.360104 0.621321
579   0.359836 0.621702
580   0.359575 0.621867
581   0.359321 0.621846
582   0.359072 0.621705
583   0.358826 0.621513
584   0.358583 0.621341
585   0.358339 0.621254
586   0.358094 0.621298
587   0.357849 0.621466
588   0.357605 0.621742
589   0.357365 0.622112
590   0.357128 0.622562
591   0.356897 0.623078
592   0.356672 0.623645
593   0.35645 0.624246
594   0.356231 0.624865
595   0.356012 0.625487
596   0.355792 0.626094
597   0.355571 0.626674
598   0.355348 0.627216
599   0.355126 0.627716
600   0.354906 0.628167
601   0.354691 0.628564
602   0.354482 0.6289
603   0.35428 0.629176
604   0.354082 0.629406
605   0.353887 0.629607
606   0.353692 0.629798
607   0.353494 0.629995
608   0.35329 0.630218
609   0.35308 0.630476
610   0.352865 0.630772
611   0.352649 0.631105
612   0.352434 0.631472
613   0.352222 0.631874
614   0.352016 0.632308
615   0.351818 0.63277
616   0.351625 0.633241
617   0.351435 0.633702
618   0.351245 0.634135
619   0.351052 0.63452
620   0.350855 0.634839
621   0.350651 0.635084
622   0.350444 0.635278
623   0.350235 0.635451
624   0.350028 0.635633
625   0.349825 0.635853
626   0.349631 0.636139
627   0.349446 0.636516
628   0.349271 0.636973
629   0.349101 0.637482
630   0.348935 0.638015
631   0.348771 0.638545
632   0.348604 0.639045
633   0.348432 0.639488
634   0.348255 0.639865
635   0.348074 0.640188
636   0.347889 0.640471
637   0.347702 0.640728
638   0.347515 0.640972
639   0.347328 0.641217
640   0.347144 0.641474
641   0.346961 0.641745
642   0.34678 0.642027
643   0.346602 0.642318
644   0.346426 0.642616
645   0.346252 0.642917
646   0.34608 0.64322
647   0.345911 0.643522
648   0.345744 0.643818
649   0.345579 0.644103
650   0.345418 0.644373
651   0.34526 0.644624
652   0.345106 0.64485
653   0.344955 0.645048
654   0.344808 0.645218
655   0.344663 0.64537
656   0.34452 0.645512
657   0.344377 0.645653
658   0.344233 0.645803
659   0.344087 0.64597
660   0.343939 0.646163
661   0.343788 0.646383
662   0.343634 0.646626
663   0.343478 0.646885
664   0.34332 0.647155
665   0.343162 0.64743
666   0.343003 0.647705
667   0.342845 0.647973
668   0.342687 0.648234
669   0.34253 0.648487
670   0.342374 0.648735
671   0.34222 0.64898
672   0.342068 0.649224
673   0.341918 0.649467
674   0.34177 0.649713
675   0.341625 0.649961
676   0.341483 0.650208
677   0.341343 0.650451
678   0.341207 0.650687
679   0.341073 0.650912
680   0.340942 0.651123
681   0.340814 0.651318
682   0.340689 0.651492
683   0.340566 0.651648
684   0.340445 0.651788
685   0.340326 0.651915
686   0.340208 0.652034
687   0.34009 0.652146
688   0.339972 0.652254
689   0.339854 0.652363
690   0.339734 0.652473
691   0.339614 0.652587
692   0.339494 0.652706
693   0.339374 0.652831
694   0.339255 0.652962
695   0.339137 0.653102
696   0.339021 0.653251
697   0.338907 0.65341
698   0.338795 0.65358
699   0.338684 0.65376
700   0.338573 0.65395
701   0.338461 0.654149
702   0.338347 0.654355
703   0.33823 0.65457
704   0.33811 0.654792
705   0.337984 0.655021
706   0.337854 0.655254
707   0.337721 0.655487
708   0.337588 0.655715
709   0.337457 0.655933
710   0.337329 0.656138
711   0.337206 0.656325
712   0.337091 0.656489
713   0.336986 0.656626
714   0.336889 0.656736
715   0.336801 0.656827
716   0.336717 0.656906
717   0.336636 0.656981
718   0.336555 0.657059
719   0.336472 0.657147
720   0.336385 0.657253
721   0.336292 0.657384
722   0.33619 0.657543
723   0.336082 0.657725
724   0.335971 0.657921
725   0.335856 0.658125
726   0.335742 0.658328
727   0.33563 0.658525
728   0.335521 0.658707
729   0.335418 0.658868
730   0.335322 0.659
731   0.335234 0.659106
732   0.335151 0.659193
733   0.335071 0.659268
734   0.334994 0.659336
735   0.334917 0.659406
736   0.334838 0.659484
737   0.334756 0.659576
738   0.334669 0.65969
739   0.334577 0.65983
740   0.334478 0.659992
741   0.334375 0.66017
742   0.334269 0.660358
743   0.334161 0.66055
744   0.334053 0.660741
745   0.333944 0.660925
746   0.333837 0.661095
747   0.333733 0.661246
748   0.333632 0.661374
749   0.333534 0.661484
750   0.333439 0.661579
751   0.333347 0.661664
752   0.333258 0.661744
753   0.33317 0.661825
754   0.333085 0.661909
755   0.333001 0.662003
756   0.332918 0.662111
757   0.332836 0.662236
758   0.332755 0.662375
759   0.332674 0.662524
760   0.332595 0.662679
761   0.332517 0.662836
762   0.33244 0.662991
763   0.332364 0.663139
764   0.332289 0.663277
765   0.332216 0.663401
766   0.332143 0.663506
767   0.332072 0.663595
768   0.332001 0.663671
769   0.331929 0.663739
770   0.331857 0.663804
771   0.331783 0.663869
772   0.331707 0.663939
773   0.331628 0.664018
774   0.331546 0.66411
775   0.33146 0.66422
776   0.33137 0.66435
777   0.331277 0.664497
778   0.331181 0.664656
779   0.331084 0.664823
780   0.330985 0.664994
781   0.330886 0.665165
782   0.330789 0.665331
783   0.330692 0.665488
784   0.330599 0.665632
785   0.330508 0.665759
786   0.330421 0.665868
787   0.330337 0.665961
788   0.330255 0.666043
789   0.330175 0.666118
790   0.330096 0.666189
791   0.330017 0.66626
792   0.329937 0.666335
793   0.329855 0.666418
794   0.329772 0.666512
795   0.329685 0.666621
796   0.329596 0.666748
797   0.329504 0.666888
798   0.32941 0.667039
799   0.329316 0.667197
800   0.329221 0.667357
