0.4 0.173 1.95
0.405 0.173 2.01015
0.41 0.173 2.0703
0.415 0.171444 2.12796
0.42 0.166866 2.18077
0.425 0.162289 2.23359
0.43 0.15951 2.28288
0.435 0.158529 2.32863
0.44 0.157549 2.37438
0.445 0.155256 2.42146
0.45 0.151293 2.47024
0.455 0.147329 2.51902
0.46 0.143458 2.56723
0.465 0.140068 2.61243
0.47 0.136678 2.65763
0.475 0.133288 2.70282
0.48 0.131674 2.74611
0.485 0.131147 2.78821
0.49 0.130621 2.83032
0.495 0.130095 2.87242
0.5 0.13 2.91763
0.505 0.13 2.96353
0.51 0.13 3.00942
0.515 0.13 3.05531
0.52 0.129849 3.0972
0.525 0.129627 3.1372
0.53 0.129404 3.1772
0.535 0.129182 3.2172
0.54 0.128669 3.25735
0.545 0.126833 3.29816
0.55 0.124996 3.33898
0.555 0.123159 3.3798
0.56 0.121322 3.42061
0.565 0.120052 3.46097
0.57 0.120239 3.50015
0.575 0.120425 3.53933
0.58 0.120612 3.57851
0.585 0.120799 3.61769
0.59 0.120985 3.65687
0.595 0.122559 3.69431
0.6 0.124254 3.73159
0.605 0.125949 3.76888
0.61 0.127644 3.80617
0.615 0.129339 3.84346
0.62 0.131028 3.88083
0.625 0.132404 3.92211
0.63 0.13378 3.96339
0.635 0.135156 4.00468
0.64 0.136532 4.04596
0.645 0.137908 4.08725
0.65 0.139284 4.12853
0.655 0.14 4.16923
0.66 0.14 4.20928
0.665 0.14 4.24934
0.67 0.14 4.28939
0.675 0.14 4.32945
0.68 0.14 4.3695
0.685 0.14 4.40956
0.69 0.140237 4.44889
0.695 0.141225 4.48593
0.7 0.142212 4.52296
0.705 0.1432 4.56
0.71 0.144188 4.59704
0.715 0.145175 4.63407
0.72 0.146163 4.67111
0.725 0.147151 4.70815
0.73 0.147923 4.74537
0.735 0.147375 4.78375
0.74 0.146827 4.82213
0.745 0.146279 4.8605
0.75 0.14573 4.89888
0.755 0.145182 4.93726
0.76 0.144634 4.97564
0.765 0.144086 5.01401
0.77 0.143537 5.05239
0.775 0.143004 5.09079
0.78 0.143197 5.13044
0.785 0.143391 5.1701
0.79 0.143584 5.20975
0.795 0.143778 5.2494
0.8 0.143971 5.28905
